SwitchNumber,SwitchName,PseudoSwitch,PnaSwitch,PssSwitch,NspSwitch,FromSectionNumber,ToSectionNumber,NormalSwitchingDeviceState,DefaultState,ControlDelay,SwitchingDeviceType,ScadaOpenState,ScadaCloseState,LimitType,LimitMonitor,Limit1,Limit2,Limit3,FlaSwitchBreakTime,FlaSinglePhsAsyBrkCurrRating,FlaSinglePhsAsyMakeCurrRating,FlaSinglePhsSymBrkCurrRating,FlaThreePhsAsyBrkCurrRating,FlaThreePhsAsyMakeCurrRating,FlaThreePhsSymBrkCurrRating,FlaSwitchRatedVoltage,AssetLabel,DTSLoadFeederBreaker,ExModelRetentionFlag,DmsTransformFlag,CommentText1,CommentText2,CommentText3,SwitchDevStateTransitionRef,BusNumberRef,SwitchTelemetryRef,ControlValidationSwDevTransRef,Mw_StandardDeviation,MwInversionFlag,MwCmeUsage,MwOverrideStatus,Mw_ReplacementValue,MwMeasurementSection,SetOrder4,MwAnalogPointRef,Mv_StandardDeviation,MvInversionFlag,MvCmeUsage,MvOverrideStatus,Mv_ReplacementValue,MvMeasurementSection,SetOrder5,MvAnalogPointRef,AmpStandardDeviation,AmpInversionFlag,AmpCmeUsage,AmpOverrideStatus,AmpReplacementValue,AmpMeasurementSection,SetOrder6,AmpAnalogPointRef,
665,NO.5 CAPACITOR DSC,No,Yes,Yes,Yes,140,141,Closed,Closed,0,Isolator,0,1,NULL,NULL,NULL,NULL,NULL,NULL,NULL,NULL,NULL,NULL,NULL,NULL,NULL,NULL,No,NULL,Yes,NULL,NULL,NULL,1,103,116188,NULL,NULL,NULL,NULL,NULL,NULL,NULL,NULL,NULL,NULL,NULL,NULL,NULL,NULL,NULL,NULL,NULL,NULL,NULL,NULL,NULL,NULL,NULL,NULL,NULL,
668,NO.5 66KV CAPACITOR CB,No,Yes,Yes,No,141,144,Closed,Closed,0,Normal,0,1,NULL,NULL,NULL,NULL,NULL,NULL,NULL,NULL,NULL,NULL,NULL,NULL,NULL,205586525,No,NULL,Yes,NULL,NULL,NULL,1,103,NULL,NULL,NULL,NULL,NULL,NULL,NULL,NULL,NULL,NULL,NULL,NULL,NULL,NULL,NULL,NULL,NULL,NULL,NULL,NULL,NULL,NULL,NULL,NULL,NULL,NULL,
733,NO.5 CAPACITOR W OB DS,No,Yes,Yes,Yes,144,50,Closed,Closed,0,Isolator,0,1,NULL,NULL,NULL,NULL,NULL,NULL,NULL,NULL,NULL,NULL,NULL,NULL,NULL,NULL,No,NULL,Yes,NULL,NULL,NULL,1,103,116184,NULL,NULL,NULL,NULL,NULL,NULL,NULL,NULL,NULL,NULL,NULL,NULL,NULL,NULL,NULL,NULL,NULL,NULL,NULL,NULL,NULL,NULL,NULL,NULL,NULL,
2975,3053,No,Yes,Yes,Yes,103,50,Closed,Closed,0,Isolator,0,1,NULL,NULL,NULL,NULL,NULL,NULL,NULL,NULL,NULL,NULL,NULL,NULL,NULL,NULL,No,NULL,Yes,NULL,NULL,NULL,1,103,116166,NULL,NULL,NULL,NULL,NULL,NULL,NULL,NULL,NULL,NULL,NULL,NULL,NULL,NULL,NULL,NULL,NULL,NULL,NULL,NULL,NULL,NULL,NULL,NULL,NULL,
2976,3051,No,Yes,Yes,Yes,5,102,Closed,Closed,0,Isolator,0,1,NULL,NULL,NULL,NULL,NULL,NULL,NULL,NULL,NULL,NULL,NULL,NULL,NULL,NULL,No,NULL,Yes,NULL,NULL,NULL,1,103,116164,NULL,NULL,NULL,NULL,NULL,NULL,NULL,NULL,NULL,NULL,NULL,NULL,NULL,NULL,NULL,NULL,NULL,NULL,NULL,NULL,NULL,NULL,NULL,NULL,NULL,
2977,2053,No,Yes,Yes,Yes,101,5,Closed,Closed,0,Isolator,0,1,NULL,NULL,NULL,NULL,NULL,NULL,NULL,NULL,NULL,NULL,NULL,NULL,NULL,NULL,No,NULL,Yes,NULL,NULL,NULL,1,103,116163,NULL,NULL,NULL,NULL,NULL,NULL,NULL,NULL,NULL,NULL,NULL,NULL,NULL,NULL,NULL,NULL,NULL,NULL,NULL,NULL,NULL,NULL,NULL,NULL,NULL,
2978,1051,No,Yes,Yes,Yes,999,100,Closed,Closed,0,Isolator,0,1,NULL,NULL,NULL,NULL,NULL,NULL,NULL,NULL,NULL,NULL,NULL,NULL,NULL,NULL,No,NULL,Yes,NULL,NULL,NULL,1,103,116161,NULL,NULL,NULL,NULL,NULL,NULL,NULL,NULL,NULL,NULL,NULL,NULL,NULL,NULL,NULL,NULL,NULL,NULL,NULL,NULL,NULL,NULL,NULL,NULL,NULL,
2979,3073,No,Yes,Yes,Yes,107,50,Closed,Closed,0,Isolator,0,1,NULL,NULL,NULL,NULL,NULL,NULL,NULL,NULL,NULL,NULL,NULL,NULL,NULL,NULL,No,NULL,Yes,NULL,NULL,NULL,1,103,116171,NULL,NULL,NULL,NULL,NULL,NULL,NULL,NULL,NULL,NULL,NULL,NULL,NULL,NULL,NULL,NULL,NULL,NULL,NULL,NULL,NULL,NULL,NULL,NULL,NULL,
2980,3071,No,Yes,Yes,Yes,7,106,Closed,Closed,0,Isolator,0,1,NULL,NULL,NULL,NULL,NULL,NULL,NULL,NULL,NULL,NULL,NULL,NULL,NULL,NULL,No,NULL,Yes,NULL,NULL,NULL,1,103,116173,NULL,NULL,NULL,NULL,NULL,NULL,NULL,NULL,NULL,NULL,NULL,NULL,NULL,NULL,NULL,NULL,NULL,NULL,NULL,NULL,NULL,NULL,NULL,NULL,NULL,
2981,1073,No,Yes,Yes,Yes,105,7,Closed,Closed,0,Isolator,0,1,NULL,NULL,NULL,NULL,NULL,NULL,NULL,NULL,NULL,NULL,NULL,NULL,NULL,NULL,No,NULL,Yes,NULL,NULL,NULL,1,103,116169,NULL,NULL,NULL,NULL,NULL,NULL,NULL,NULL,NULL,NULL,NULL,NULL,NULL,NULL,NULL,NULL,NULL,NULL,NULL,NULL,NULL,NULL,NULL,NULL,NULL,
2982,1071,No,Yes,Yes,Yes,999,104,Closed,Closed,0,Isolator,0,1,NULL,NULL,NULL,NULL,NULL,NULL,NULL,NULL,NULL,NULL,NULL,NULL,NULL,NULL,No,NULL,Yes,NULL,NULL,NULL,1,103,116167,NULL,NULL,NULL,NULL,NULL,NULL,NULL,NULL,NULL,NULL,NULL,NULL,NULL,NULL,NULL,NULL,NULL,NULL,NULL,NULL,NULL,NULL,NULL,NULL,NULL,
2983,1181 2 CAPACITOR BUS DISC,No,Yes,Yes,Yes,999,143,Closed,Closed,0,Isolator,0,1,NULL,NULL,NULL,NULL,NULL,NULL,NULL,NULL,NULL,NULL,NULL,NULL,NULL,NULL,No,NULL,Yes,NULL,NULL,NULL,1,103,116174,NULL,NULL,NULL,NULL,NULL,NULL,NULL,NULL,NULL,NULL,NULL,NULL,NULL,NULL,NULL,NULL,NULL,NULL,NULL,NULL,NULL,NULL,NULL,NULL,NULL,
2984,3181 3 CAPACITOR BUS DISC,No,Yes,Yes,Yes,139,50,Closed,Closed,0,Isolator,0,1,NULL,NULL,NULL,NULL,NULL,NULL,NULL,NULL,NULL,NULL,NULL,NULL,NULL,NULL,No,NULL,Yes,NULL,NULL,NULL,1,103,116175,NULL,NULL,NULL,NULL,NULL,NULL,NULL,NULL,NULL,NULL,NULL,NULL,NULL,NULL,NULL,NULL,NULL,NULL,NULL,NULL,NULL,NULL,NULL,NULL,NULL,
2985,333,No,Yes,Yes,Yes,111,50,Closed,Closed,0,Isolator,0,1,NULL,NULL,NULL,NULL,NULL,NULL,NULL,NULL,NULL,NULL,NULL,NULL,NULL,NULL,No,NULL,Yes,NULL,NULL,NULL,1,103,109908,NULL,NULL,NULL,NULL,NULL,NULL,NULL,NULL,NULL,NULL,NULL,NULL,NULL,NULL,NULL,NULL,NULL,NULL,NULL,NULL,NULL,NULL,NULL,NULL,NULL,
2986,331,No,Yes,Yes,Yes,3,110,Closed,Closed,0,Isolator,0,1,NULL,NULL,NULL,NULL,NULL,NULL,NULL,NULL,NULL,NULL,NULL,NULL,NULL,NULL,No,NULL,Yes,NULL,NULL,NULL,1,103,109909,NULL,NULL,NULL,NULL,NULL,NULL,NULL,NULL,NULL,NULL,NULL,NULL,NULL,NULL,NULL,NULL,NULL,NULL,NULL,NULL,NULL,NULL,NULL,NULL,NULL,
2987,133,No,Yes,Yes,Yes,109,3,Closed,Closed,0,Isolator,0,1,NULL,NULL,NULL,NULL,NULL,NULL,NULL,NULL,NULL,NULL,NULL,NULL,NULL,NULL,No,NULL,Yes,NULL,NULL,NULL,1,103,109907,NULL,NULL,NULL,NULL,NULL,NULL,NULL,NULL,NULL,NULL,NULL,NULL,NULL,NULL,NULL,NULL,NULL,NULL,NULL,NULL,NULL,NULL,NULL,NULL,NULL,
2988,131,No,Yes,Yes,Yes,999,108,Closed,Closed,0,Isolator,0,1,NULL,NULL,NULL,NULL,NULL,NULL,NULL,NULL,NULL,NULL,NULL,NULL,NULL,NULL,No,NULL,Yes,NULL,NULL,NULL,1,103,109906,NULL,NULL,NULL,NULL,NULL,NULL,NULL,NULL,NULL,NULL,NULL,NULL,NULL,NULL,NULL,NULL,NULL,NULL,NULL,NULL,NULL,NULL,NULL,NULL,NULL,
2989,3133,No,Yes,Yes,Yes,117,50,Closed,Closed,0,Isolator,0,1,NULL,NULL,NULL,NULL,NULL,NULL,NULL,NULL,NULL,NULL,NULL,NULL,NULL,NULL,No,NULL,Yes,NULL,NULL,NULL,1,103,116191,NULL,NULL,NULL,NULL,NULL,NULL,NULL,NULL,NULL,NULL,NULL,NULL,NULL,NULL,NULL,NULL,NULL,NULL,NULL,NULL,NULL,NULL,NULL,NULL,NULL,
2990,3131,No,Yes,Yes,Yes,63,116,Closed,Closed,0,Isolator,0,1,NULL,NULL,NULL,NULL,NULL,NULL,NULL,NULL,NULL,NULL,NULL,NULL,NULL,NULL,No,NULL,Yes,NULL,NULL,NULL,1,103,116193,NULL,NULL,NULL,NULL,NULL,NULL,NULL,NULL,NULL,NULL,NULL,NULL,NULL,NULL,NULL,NULL,NULL,NULL,NULL,NULL,NULL,NULL,NULL,NULL,NULL,
2991,2133,No,Yes,Yes,Yes,115,63,Closed,Closed,0,Isolator,0,1,NULL,NULL,NULL,NULL,NULL,NULL,NULL,NULL,NULL,NULL,NULL,NULL,NULL,NULL,No,NULL,Yes,NULL,NULL,NULL,1,103,116189,NULL,NULL,NULL,NULL,NULL,NULL,NULL,NULL,NULL,NULL,NULL,NULL,NULL,NULL,NULL,NULL,NULL,NULL,NULL,NULL,NULL,NULL,NULL,NULL,NULL,
2992,2131,No,Yes,Yes,Yes,13,114,Closed,Closed,0,Isolator,0,1,NULL,NULL,NULL,NULL,NULL,NULL,NULL,NULL,NULL,NULL,NULL,NULL,NULL,NULL,No,NULL,Yes,NULL,NULL,NULL,1,103,116187,NULL,NULL,NULL,NULL,NULL,NULL,NULL,NULL,NULL,NULL,NULL,NULL,NULL,NULL,NULL,NULL,NULL,NULL,NULL,NULL,NULL,NULL,NULL,NULL,NULL,
2993,1133,No,Yes,Yes,Yes,113,13,Closed,Closed,0,Isolator,0,1,NULL,NULL,NULL,NULL,NULL,NULL,NULL,NULL,NULL,NULL,NULL,NULL,NULL,NULL,No,NULL,Yes,NULL,NULL,NULL,1,103,116185,NULL,NULL,NULL,NULL,NULL,NULL,NULL,NULL,NULL,NULL,NULL,NULL,NULL,NULL,NULL,NULL,NULL,NULL,NULL,NULL,NULL,NULL,NULL,NULL,NULL,
2994,1131,No,Yes,Yes,Yes,999,112,Closed,Closed,0,Isolator,0,1,NULL,NULL,NULL,NULL,NULL,NULL,NULL,NULL,NULL,NULL,NULL,NULL,NULL,NULL,No,NULL,Yes,NULL,NULL,NULL,1,103,116183,NULL,NULL,NULL,NULL,NULL,NULL,NULL,NULL,NULL,NULL,NULL,NULL,NULL,NULL,NULL,NULL,NULL,NULL,NULL,NULL,NULL,NULL,NULL,NULL,NULL,
2995,3143,No,Yes,Yes,Yes,123,50,Closed,Closed,0,Isolator,0,1,NULL,NULL,NULL,NULL,NULL,NULL,NULL,NULL,NULL,NULL,NULL,NULL,NULL,NULL,No,NULL,Yes,NULL,NULL,NULL,1,103,116202,NULL,NULL,NULL,NULL,NULL,NULL,NULL,NULL,NULL,NULL,NULL,NULL,NULL,NULL,NULL,NULL,NULL,NULL,NULL,NULL,NULL,NULL,NULL,NULL,NULL,
2996,3141,No,Yes,Yes,Yes,64,122,Closed,Closed,0,Isolator,0,1,NULL,NULL,NULL,NULL,NULL,NULL,NULL,NULL,NULL,NULL,NULL,NULL,NULL,NULL,No,NULL,Yes,NULL,NULL,NULL,1,103,116204,NULL,NULL,NULL,NULL,NULL,NULL,NULL,NULL,NULL,NULL,NULL,NULL,NULL,NULL,NULL,NULL,NULL,NULL,NULL,NULL,NULL,NULL,NULL,NULL,NULL,
2997,2143,No,Yes,Yes,Yes,121,64,Closed,Closed,0,Isolator,0,1,NULL,NULL,NULL,NULL,NULL,NULL,NULL,NULL,NULL,NULL,NULL,NULL,NULL,NULL,No,NULL,Yes,NULL,NULL,NULL,1,103,116200,NULL,NULL,NULL,NULL,NULL,NULL,NULL,NULL,NULL,NULL,NULL,NULL,NULL,NULL,NULL,NULL,NULL,NULL,NULL,NULL,NULL,NULL,NULL,NULL,NULL,
2998,2141,No,Yes,Yes,Yes,14,120,Closed,Closed,0,Isolator,0,1,NULL,NULL,NULL,NULL,NULL,NULL,NULL,NULL,NULL,NULL,NULL,NULL,NULL,NULL,No,NULL,Yes,NULL,NULL,NULL,1,103,116198,NULL,NULL,NULL,NULL,NULL,NULL,NULL,NULL,NULL,NULL,NULL,NULL,NULL,NULL,NULL,NULL,NULL,NULL,NULL,NULL,NULL,NULL,NULL,NULL,NULL,
2999,1143,No,Yes,Yes,Yes,119,14,Closed,Closed,0,Isolator,0,1,NULL,NULL,NULL,NULL,NULL,NULL,NULL,NULL,NULL,NULL,NULL,NULL,NULL,NULL,No,NULL,Yes,NULL,NULL,NULL,1,103,116196,NULL,NULL,NULL,NULL,NULL,NULL,NULL,NULL,NULL,NULL,NULL,NULL,NULL,NULL,NULL,NULL,NULL,NULL,NULL,NULL,NULL,NULL,NULL,NULL,NULL,
3000,1141,No,Yes,Yes,Yes,999,118,Closed,Closed,0,Isolator,0,1,NULL,NULL,NULL,NULL,NULL,NULL,NULL,NULL,NULL,NULL,NULL,NULL,NULL,NULL,No,NULL,Yes,NULL,NULL,NULL,1,103,116194,NULL,NULL,NULL,NULL,NULL,NULL,NULL,NULL,NULL,NULL,NULL,NULL,NULL,NULL,NULL,NULL,NULL,NULL,NULL,NULL,NULL,NULL,NULL,NULL,NULL,
3001,3153,No,Yes,Yes,Yes,127,50,Closed,Closed,0,Isolator,0,1,NULL,NULL,NULL,NULL,NULL,NULL,NULL,NULL,NULL,NULL,NULL,NULL,NULL,NULL,No,NULL,Yes,NULL,NULL,NULL,1,103,116209,NULL,NULL,NULL,NULL,NULL,NULL,NULL,NULL,NULL,NULL,NULL,NULL,NULL,NULL,NULL,NULL,NULL,NULL,NULL,NULL,NULL,NULL,NULL,NULL,NULL,
3002,3151,No,Yes,Yes,Yes,15,126,Closed,Closed,0,Isolator,0,1,NULL,NULL,NULL,NULL,NULL,NULL,NULL,NULL,NULL,NULL,NULL,NULL,NULL,NULL,No,NULL,Yes,NULL,NULL,NULL,1,103,116211,NULL,NULL,NULL,NULL,NULL,NULL,NULL,NULL,NULL,NULL,NULL,NULL,NULL,NULL,NULL,NULL,NULL,NULL,NULL,NULL,NULL,NULL,NULL,NULL,NULL,
3003,1153,No,Yes,Yes,Yes,125,15,Closed,Closed,0,Isolator,0,1,NULL,NULL,NULL,NULL,NULL,NULL,NULL,NULL,NULL,NULL,NULL,NULL,NULL,NULL,No,NULL,Yes,NULL,NULL,NULL,1,103,116207,NULL,NULL,NULL,NULL,NULL,NULL,NULL,NULL,NULL,NULL,NULL,NULL,NULL,NULL,NULL,NULL,NULL,NULL,NULL,NULL,NULL,NULL,NULL,NULL,NULL,
3004,1151,No,Yes,Yes,Yes,999,124,Closed,Closed,0,Isolator,0,1,NULL,NULL,NULL,NULL,NULL,NULL,NULL,NULL,NULL,NULL,NULL,NULL,NULL,NULL,No,NULL,Yes,NULL,NULL,NULL,1,103,116205,NULL,NULL,NULL,NULL,NULL,NULL,NULL,NULL,NULL,NULL,NULL,NULL,NULL,NULL,NULL,NULL,NULL,NULL,NULL,NULL,NULL,NULL,NULL,NULL,NULL,
3005,3163,No,Yes,Yes,Yes,131,50,Closed,Closed,0,Isolator,0,1,NULL,NULL,NULL,NULL,NULL,NULL,NULL,NULL,NULL,NULL,NULL,NULL,NULL,NULL,No,NULL,Yes,NULL,NULL,NULL,1,103,116216,NULL,NULL,NULL,NULL,NULL,NULL,NULL,NULL,NULL,NULL,NULL,NULL,NULL,NULL,NULL,NULL,NULL,NULL,NULL,NULL,NULL,NULL,NULL,NULL,NULL,
3006,3161,No,Yes,Yes,Yes,16,130,Closed,Closed,0,Isolator,0,1,NULL,NULL,NULL,NULL,NULL,NULL,NULL,NULL,NULL,NULL,NULL,NULL,NULL,NULL,No,NULL,Yes,NULL,NULL,NULL,1,103,116218,NULL,NULL,NULL,NULL,NULL,NULL,NULL,NULL,NULL,NULL,NULL,NULL,NULL,NULL,NULL,NULL,NULL,NULL,NULL,NULL,NULL,NULL,NULL,NULL,NULL,
3007,1163,No,Yes,Yes,Yes,129,16,Closed,Closed,0,Isolator,0,1,NULL,NULL,NULL,NULL,NULL,NULL,NULL,NULL,NULL,NULL,NULL,NULL,NULL,NULL,No,NULL,Yes,NULL,NULL,NULL,1,103,116214,NULL,NULL,NULL,NULL,NULL,NULL,NULL,NULL,NULL,NULL,NULL,NULL,NULL,NULL,NULL,NULL,NULL,NULL,NULL,NULL,NULL,NULL,NULL,NULL,NULL,
3008,1161,No,Yes,Yes,Yes,999,128,Closed,Closed,0,Isolator,0,1,NULL,NULL,NULL,NULL,NULL,NULL,NULL,NULL,NULL,NULL,NULL,NULL,NULL,NULL,No,NULL,Yes,NULL,NULL,NULL,1,103,116212,NULL,NULL,NULL,NULL,NULL,NULL,NULL,NULL,NULL,NULL,NULL,NULL,NULL,NULL,NULL,NULL,NULL,NULL,NULL,NULL,NULL,NULL,NULL,NULL,NULL,
3009,3173,No,Yes,Yes,Yes,137,50,Closed,Closed,0,Isolator,0,1,NULL,NULL,NULL,NULL,NULL,NULL,NULL,NULL,NULL,NULL,NULL,NULL,NULL,NULL,No,NULL,Yes,NULL,NULL,NULL,1,103,116223,NULL,NULL,NULL,NULL,NULL,NULL,NULL,NULL,NULL,NULL,NULL,NULL,NULL,NULL,NULL,NULL,NULL,NULL,NULL,NULL,NULL,NULL,NULL,NULL,NULL,
3010,3171,No,Yes,Yes,Yes,67,136,Closed,Closed,0,Isolator,0,1,NULL,NULL,NULL,NULL,NULL,NULL,NULL,NULL,NULL,NULL,NULL,NULL,NULL,NULL,No,NULL,Yes,NULL,NULL,NULL,1,103,116225,NULL,NULL,NULL,NULL,NULL,NULL,NULL,NULL,NULL,NULL,NULL,NULL,NULL,NULL,NULL,NULL,NULL,NULL,NULL,NULL,NULL,NULL,NULL,NULL,NULL,
3011,1171,No,Yes,Yes,Yes,999,132,Closed,Closed,0,Isolator,0,1,NULL,NULL,NULL,NULL,NULL,NULL,NULL,NULL,NULL,NULL,NULL,NULL,NULL,NULL,No,NULL,Yes,NULL,NULL,NULL,1,103,116219,NULL,NULL,NULL,NULL,NULL,NULL,NULL,NULL,NULL,NULL,NULL,NULL,NULL,NULL,NULL,NULL,NULL,NULL,NULL,NULL,NULL,NULL,NULL,NULL,NULL,
3012,1173,No,Yes,Yes,Yes,133,17,Closed,Closed,0,Isolator,0,1,NULL,NULL,NULL,NULL,NULL,NULL,NULL,NULL,NULL,NULL,NULL,NULL,NULL,NULL,No,NULL,Yes,NULL,NULL,NULL,1,103,116221,NULL,NULL,NULL,NULL,NULL,NULL,NULL,NULL,NULL,NULL,NULL,NULL,NULL,NULL,NULL,NULL,NULL,NULL,NULL,NULL,NULL,NULL,NULL,NULL,NULL,
3013,2171,No,Yes,Yes,Yes,17,134,Closed,Closed,0,Isolator,0,1,NULL,NULL,NULL,NULL,NULL,NULL,NULL,NULL,NULL,NULL,NULL,NULL,NULL,NULL,No,NULL,Yes,NULL,NULL,NULL,1,103,117630,NULL,NULL,NULL,NULL,NULL,NULL,NULL,NULL,NULL,NULL,NULL,NULL,NULL,NULL,NULL,NULL,NULL,NULL,NULL,NULL,NULL,NULL,NULL,NULL,NULL,
3014,2173,No,Yes,Yes,Yes,135,67,Closed,Closed,0,Isolator,0,1,NULL,NULL,NULL,NULL,NULL,NULL,NULL,NULL,NULL,NULL,NULL,NULL,NULL,NULL,No,NULL,Yes,NULL,NULL,NULL,1,103,117632,NULL,NULL,NULL,NULL,NULL,NULL,NULL,NULL,NULL,NULL,NULL,NULL,NULL,NULL,NULL,NULL,NULL,NULL,NULL,NULL,NULL,NULL,NULL,NULL,NULL,
3015,CB 1052,No,Yes,Yes,Yes,100,101,Closed,Closed,0,Normal,0,1,NULL,NULL,NULL,NULL,NULL,NULL,NULL,NULL,NULL,NULL,NULL,NULL,NULL,207085971,No,NULL,Yes,NULL,NULL,NULL,1,103,108739,NULL,NULL,NULL,NULL,NULL,NULL,NULL,NULL,NULL,NULL,NULL,NULL,NULL,NULL,NULL,NULL,NULL,NULL,NULL,NULL,NULL,NULL,NULL,NULL,NULL,
3016,CB 3052,No,Yes,Yes,Yes,102,103,Closed,Closed,0,Normal,0,1,NULL,NULL,NULL,NULL,NULL,NULL,NULL,NULL,NULL,NULL,NULL,NULL,NULL,207085970,No,NULL,Yes,NULL,NULL,NULL,1,103,108740,NULL,NULL,NULL,NULL,NULL,NULL,NULL,NULL,NULL,NULL,NULL,NULL,NULL,NULL,NULL,NULL,NULL,NULL,NULL,NULL,NULL,NULL,NULL,NULL,NULL,
3017,CB 1072,No,Yes,Yes,Yes,104,705,Open,Open,0,Normal,0,1,NULL,NULL,NULL,NULL,NULL,NULL,NULL,NULL,NULL,NULL,NULL,NULL,NULL,200007292,No,NULL,Yes,NULL,NULL,NULL,1,103,108741,NULL,NULL,NULL,NULL,NULL,NULL,NULL,NULL,NULL,NULL,NULL,NULL,NULL,NULL,NULL,NULL,NULL,NULL,NULL,NULL,NULL,NULL,NULL,NULL,NULL,
3018,CB 3072,No,Yes,Yes,Yes,706,107,Open,Open,0,Normal,0,1,NULL,NULL,NULL,NULL,NULL,NULL,NULL,NULL,NULL,NULL,NULL,NULL,NULL,200007293,No,NULL,Yes,NULL,NULL,NULL,1,103,108742,NULL,NULL,NULL,NULL,NULL,NULL,NULL,NULL,NULL,NULL,NULL,NULL,NULL,NULL,NULL,NULL,NULL,NULL,NULL,NULL,NULL,NULL,NULL,NULL,NULL,
3019,CB 132,No,Yes,Yes,Yes,108,309,Closed,Closed,0,Normal,0,1,NULL,NULL,NULL,NULL,NULL,NULL,NULL,NULL,NULL,NULL,NULL,NULL,NULL,200010729,No,NULL,Yes,NULL,NULL,NULL,1,103,108805,NULL,NULL,NULL,NULL,NULL,NULL,NULL,NULL,NULL,NULL,NULL,NULL,NULL,NULL,NULL,NULL,NULL,NULL,NULL,NULL,NULL,NULL,NULL,NULL,NULL,
3020,CB 332,No,Yes,Yes,Yes,310,111,Closed,Closed,0,Normal,0,1,NULL,NULL,NULL,NULL,NULL,NULL,NULL,NULL,NULL,NULL,NULL,NULL,NULL,200010728,No,NULL,Yes,NULL,NULL,NULL,1,103,108832,NULL,NULL,NULL,NULL,NULL,NULL,NULL,NULL,NULL,NULL,NULL,NULL,NULL,NULL,NULL,NULL,NULL,NULL,NULL,NULL,NULL,NULL,NULL,NULL,NULL,
3021,CB 1132,No,Yes,Yes,Yes,112,113,Closed,Closed,0,Normal,0,1,NULL,NULL,NULL,NULL,NULL,NULL,NULL,NULL,NULL,NULL,NULL,NULL,NULL,207506937,No,NULL,Yes,NULL,NULL,NULL,1,103,108745,NULL,NULL,NULL,NULL,NULL,NULL,NULL,NULL,NULL,NULL,NULL,NULL,NULL,NULL,NULL,NULL,NULL,NULL,NULL,NULL,NULL,NULL,NULL,NULL,NULL,
3022,CB 2132,No,Yes,Yes,Yes,114,115,Closed,Closed,0,Normal,0,1,NULL,NULL,NULL,NULL,NULL,NULL,NULL,NULL,NULL,NULL,NULL,NULL,NULL,207506900,No,NULL,Yes,NULL,NULL,NULL,1,103,108746,NULL,NULL,NULL,NULL,NULL,NULL,NULL,NULL,NULL,NULL,NULL,NULL,NULL,NULL,NULL,NULL,NULL,NULL,NULL,NULL,NULL,NULL,NULL,NULL,NULL,
3023,CB 3132,No,Yes,Yes,Yes,116,117,Closed,Closed,0,Normal,0,1,NULL,NULL,NULL,NULL,NULL,NULL,NULL,NULL,NULL,NULL,NULL,NULL,NULL,207085976,No,NULL,Yes,NULL,NULL,NULL,1,103,108747,NULL,NULL,NULL,NULL,NULL,NULL,NULL,NULL,NULL,NULL,NULL,NULL,NULL,NULL,NULL,NULL,NULL,NULL,NULL,NULL,NULL,NULL,NULL,NULL,NULL,
3024,CB 1142,No,Yes,Yes,Yes,118,119,Closed,Closed,0,Normal,0,1,NULL,NULL,NULL,NULL,NULL,NULL,NULL,NULL,NULL,NULL,NULL,NULL,NULL,207649703,No,NULL,Yes,NULL,NULL,NULL,1,103,108748,NULL,NULL,NULL,NULL,NULL,NULL,NULL,NULL,NULL,NULL,NULL,NULL,NULL,NULL,NULL,NULL,NULL,NULL,NULL,NULL,NULL,NULL,NULL,NULL,NULL,
3025,CB 2142,No,Yes,Yes,Yes,120,121,Closed,Closed,0,Normal,0,1,NULL,NULL,NULL,NULL,NULL,NULL,NULL,NULL,NULL,NULL,NULL,NULL,NULL,207085975,No,NULL,Yes,NULL,NULL,NULL,1,103,108749,NULL,NULL,NULL,NULL,NULL,NULL,NULL,NULL,NULL,NULL,NULL,NULL,NULL,NULL,NULL,NULL,NULL,NULL,NULL,NULL,NULL,NULL,NULL,NULL,NULL,
3026,CB 3142,No,Yes,Yes,Yes,122,123,Closed,Closed,0,Normal,0,1,NULL,NULL,NULL,NULL,NULL,NULL,NULL,NULL,NULL,NULL,NULL,NULL,NULL,207085974,No,NULL,Yes,NULL,NULL,NULL,1,103,108750,NULL,NULL,NULL,NULL,NULL,NULL,NULL,NULL,NULL,NULL,NULL,NULL,NULL,NULL,NULL,NULL,NULL,NULL,NULL,NULL,NULL,NULL,NULL,NULL,NULL,
3027,CB 1152,No,Yes,Yes,Yes,124,125,Closed,Closed,0,Normal,0,1,NULL,NULL,NULL,NULL,NULL,NULL,NULL,NULL,NULL,NULL,NULL,NULL,NULL,207085977,No,NULL,Yes,NULL,NULL,NULL,1,103,108751,NULL,NULL,NULL,NULL,NULL,NULL,NULL,NULL,NULL,NULL,NULL,NULL,NULL,NULL,NULL,NULL,NULL,NULL,NULL,NULL,NULL,NULL,NULL,NULL,NULL,
3028,CB 3152,No,Yes,Yes,Yes,126,127,Closed,Closed,0,Normal,0,1,NULL,NULL,NULL,NULL,NULL,NULL,NULL,NULL,NULL,NULL,NULL,NULL,NULL,207085973,No,NULL,Yes,NULL,NULL,NULL,1,103,108752,NULL,NULL,NULL,NULL,NULL,NULL,NULL,NULL,NULL,NULL,NULL,NULL,NULL,NULL,NULL,NULL,NULL,NULL,NULL,NULL,NULL,NULL,NULL,NULL,NULL,
3029,CB 1162,No,Yes,Yes,Yes,128,169,Closed,Closed,0,Normal,0,1,NULL,NULL,NULL,NULL,NULL,NULL,NULL,NULL,NULL,NULL,NULL,NULL,NULL,200007294,No,NULL,Yes,NULL,NULL,NULL,1,103,108753,NULL,NULL,NULL,NULL,NULL,NULL,NULL,NULL,NULL,NULL,NULL,NULL,NULL,NULL,NULL,NULL,NULL,NULL,NULL,NULL,NULL,NULL,NULL,NULL,NULL,
3030,CB 3162,No,Yes,Yes,Yes,170,131,Closed,Closed,0,Normal,0,1,NULL,NULL,NULL,NULL,NULL,NULL,NULL,NULL,NULL,NULL,NULL,NULL,NULL,200007295,No,NULL,Yes,NULL,NULL,NULL,1,103,108754,NULL,NULL,NULL,NULL,NULL,NULL,NULL,NULL,NULL,NULL,NULL,NULL,NULL,NULL,NULL,NULL,NULL,NULL,NULL,NULL,NULL,NULL,NULL,NULL,NULL,
3031,CB 1172,No,Yes,Yes,Yes,132,133,Closed,Closed,0,Normal,0,1,NULL,NULL,NULL,NULL,NULL,NULL,NULL,NULL,NULL,NULL,NULL,NULL,NULL,207085969,No,NULL,Yes,NULL,NULL,NULL,1,103,108755,NULL,NULL,NULL,NULL,NULL,NULL,NULL,NULL,NULL,NULL,NULL,NULL,NULL,NULL,NULL,NULL,NULL,NULL,NULL,NULL,NULL,NULL,NULL,NULL,NULL,
3032,TIE CB 2172,No,Yes,Yes,Yes,134,135,Closed,Closed,0,Normal,0,1,NULL,NULL,NULL,NULL,NULL,NULL,NULL,NULL,NULL,NULL,NULL,NULL,NULL,207085972,No,NULL,Yes,NULL,NULL,NULL,1,103,108756,NULL,NULL,NULL,NULL,NULL,NULL,NULL,NULL,NULL,NULL,NULL,NULL,NULL,NULL,NULL,NULL,NULL,NULL,NULL,NULL,NULL,NULL,NULL,NULL,NULL,
3033,CB 3172,No,Yes,Yes,Yes,136,137,Closed,Closed,0,Normal,0,1,NULL,NULL,NULL,NULL,NULL,NULL,NULL,NULL,NULL,NULL,NULL,NULL,NULL,207085978,No,NULL,Yes,NULL,NULL,NULL,1,103,108757,NULL,NULL,NULL,NULL,NULL,NULL,NULL,NULL,NULL,NULL,NULL,NULL,NULL,NULL,NULL,NULL,NULL,NULL,NULL,NULL,NULL,NULL,NULL,NULL,NULL,
3034,NO.2 66KV CAPACITOR CB,No,Yes,Yes,No,143,18,Closed,Closed,0,Normal,0,1,NULL,NULL,NULL,NULL,NULL,NULL,NULL,NULL,NULL,NULL,NULL,NULL,NULL,207086168,No,NULL,Yes,NULL,NULL,NULL,1,103,NULL,NULL,NULL,NULL,NULL,NULL,NULL,NULL,NULL,NULL,NULL,NULL,NULL,NULL,NULL,NULL,NULL,NULL,NULL,NULL,NULL,NULL,NULL,NULL,NULL,NULL,
3035,NO.3 66KV CAPACITOR CB,No,Yes,Yes,No,68,139,Closed,Closed,0,Normal,0,1,NULL,NULL,NULL,NULL,NULL,NULL,NULL,NULL,NULL,NULL,NULL,NULL,NULL,207086170,No,NULL,Yes,NULL,NULL,NULL,1,103,NULL,NULL,NULL,NULL,NULL,NULL,NULL,NULL,NULL,NULL,NULL,NULL,NULL,NULL,NULL,NULL,NULL,NULL,NULL,NULL,NULL,NULL,NULL,NULL,NULL,NULL,
3039,DISC 1,No,Yes,Yes,Yes,211,999,Closed,Closed,0,Isolator,0,1,NULL,NULL,NULL,NULL,NULL,NULL,NULL,NULL,NULL,NULL,NULL,NULL,NULL,NULL,No,NULL,Yes,NULL,NULL,NULL,1,2180,127075,NULL,NULL,NULL,NULL,NULL,NULL,NULL,NULL,NULL,NULL,NULL,NULL,NULL,NULL,NULL,NULL,NULL,NULL,NULL,NULL,NULL,NULL,NULL,NULL,NULL,
3041,DISC 2,No,Yes,Yes,Yes,999,212,Closed,Closed,0,Isolator,0,1,NULL,NULL,NULL,NULL,NULL,NULL,NULL,NULL,NULL,NULL,NULL,NULL,NULL,NULL,No,NULL,Yes,NULL,NULL,NULL,1,2180,127064,NULL,NULL,NULL,NULL,NULL,NULL,NULL,NULL,NULL,NULL,NULL,NULL,NULL,NULL,NULL,NULL,NULL,NULL,NULL,NULL,NULL,NULL,NULL,NULL,NULL,
3042,DISC 3,No,Yes,Yes,Yes,213,999,Closed,Closed,0,Isolator,0,1,NULL,NULL,NULL,NULL,NULL,NULL,NULL,NULL,NULL,NULL,NULL,NULL,NULL,NULL,No,NULL,Yes,NULL,NULL,NULL,1,2180,127065,NULL,NULL,NULL,NULL,NULL,NULL,NULL,NULL,NULL,NULL,NULL,NULL,NULL,NULL,NULL,NULL,NULL,NULL,NULL,NULL,NULL,NULL,NULL,NULL,NULL,
3043,DISC 329,No,Yes,Yes,Yes,221,999,Closed,Closed,0,Isolator,0,1,NULL,NULL,NULL,NULL,NULL,NULL,NULL,NULL,NULL,NULL,NULL,NULL,NULL,NULL,No,NULL,Yes,NULL,NULL,NULL,1,2177,127076,NULL,NULL,NULL,NULL,NULL,NULL,NULL,NULL,NULL,NULL,NULL,NULL,NULL,NULL,NULL,NULL,NULL,NULL,NULL,NULL,NULL,NULL,NULL,NULL,NULL,
3044,DISC 340,No,Yes,Yes,Yes,999,222,Closed,Closed,0,Isolator,0,1,NULL,NULL,NULL,NULL,NULL,NULL,NULL,NULL,NULL,NULL,NULL,NULL,NULL,NULL,No,NULL,Yes,NULL,NULL,NULL,1,2177,127070,NULL,NULL,NULL,NULL,NULL,NULL,NULL,NULL,NULL,NULL,NULL,NULL,NULL,NULL,NULL,NULL,NULL,NULL,NULL,NULL,NULL,NULL,NULL,NULL,NULL,
3045,DISC 13,No,Yes,Yes,Yes,231,999,Closed,Closed,0,Isolator,0,1,NULL,NULL,NULL,NULL,NULL,NULL,NULL,NULL,NULL,NULL,NULL,NULL,NULL,NULL,No,NULL,Yes,NULL,NULL,NULL,1,2179,127077,NULL,NULL,NULL,NULL,NULL,NULL,NULL,NULL,NULL,NULL,NULL,NULL,NULL,NULL,NULL,NULL,NULL,NULL,NULL,NULL,NULL,NULL,NULL,NULL,NULL,
3046,DISC 14,No,Yes,Yes,Yes,232,999,Closed,Closed,0,Isolator,0,1,NULL,NULL,NULL,NULL,NULL,NULL,NULL,NULL,NULL,NULL,NULL,NULL,NULL,NULL,No,NULL,Yes,NULL,NULL,NULL,1,2179,127078,NULL,NULL,NULL,NULL,NULL,NULL,NULL,NULL,NULL,NULL,NULL,NULL,NULL,NULL,NULL,NULL,NULL,NULL,NULL,NULL,NULL,NULL,NULL,NULL,NULL,
3047,DISC 15,No,Yes,Yes,Yes,233,999,Closed,Closed,0,Isolator,0,1,NULL,NULL,NULL,NULL,NULL,NULL,NULL,NULL,NULL,NULL,NULL,NULL,NULL,NULL,No,NULL,Yes,NULL,NULL,NULL,1,2179,127079,NULL,NULL,NULL,NULL,NULL,NULL,NULL,NULL,NULL,NULL,NULL,NULL,NULL,NULL,NULL,NULL,NULL,NULL,NULL,NULL,NULL,NULL,NULL,NULL,NULL,
3050,DISC 343,No,Yes,Yes,Yes,251,999,Closed,Closed,0,Isolator,0,1,NULL,NULL,NULL,NULL,NULL,NULL,NULL,NULL,NULL,NULL,NULL,NULL,NULL,NULL,No,NULL,Yes,NULL,NULL,NULL,1,2178,127072,NULL,NULL,NULL,NULL,NULL,NULL,NULL,NULL,NULL,NULL,NULL,NULL,NULL,NULL,NULL,NULL,NULL,NULL,NULL,NULL,NULL,NULL,NULL,NULL,NULL,
3051,DISC 344,No,Yes,Yes,Yes,999,252,Closed,Closed,0,Isolator,0,1,NULL,NULL,NULL,NULL,NULL,NULL,NULL,NULL,NULL,NULL,NULL,NULL,NULL,NULL,No,NULL,Yes,NULL,NULL,NULL,1,2178,127073,NULL,NULL,NULL,NULL,NULL,NULL,NULL,NULL,NULL,NULL,NULL,NULL,NULL,NULL,NULL,NULL,NULL,NULL,NULL,NULL,NULL,NULL,NULL,NULL,NULL,
3052,DISC 345,No,Yes,Yes,Yes,253,999,Closed,Closed,0,Isolator,0,1,NULL,NULL,NULL,NULL,NULL,NULL,NULL,NULL,NULL,NULL,NULL,NULL,NULL,NULL,No,NULL,Yes,NULL,NULL,NULL,1,2178,127074,NULL,NULL,NULL,NULL,NULL,NULL,NULL,NULL,NULL,NULL,NULL,NULL,NULL,NULL,NULL,NULL,NULL,NULL,NULL,NULL,NULL,NULL,NULL,NULL,NULL,
3053,111,No,Yes,Yes,Yes,999,100,Closed,Closed,0,Isolator,0,1,NULL,NULL,NULL,NULL,NULL,NULL,NULL,NULL,NULL,NULL,NULL,NULL,NULL,NULL,No,NULL,Yes,NULL,NULL,NULL,1,105,117219,NULL,NULL,NULL,NULL,NULL,NULL,NULL,NULL,NULL,NULL,NULL,NULL,NULL,NULL,NULL,NULL,NULL,NULL,NULL,NULL,NULL,NULL,NULL,NULL,NULL,
3054,112,No,Yes,Yes,Yes,100,50,Closed,Closed,0,Normal,0,1,NULL,NULL,NULL,NULL,NULL,NULL,NULL,NULL,NULL,NULL,NULL,NULL,NULL,200007178,No,NULL,Yes,NULL,NULL,NULL,1,105,196082,NULL,NULL,NULL,NULL,NULL,NULL,NULL,NULL,NULL,NULL,NULL,NULL,NULL,NULL,NULL,NULL,NULL,NULL,NULL,NULL,NULL,NULL,NULL,NULL,NULL,
3056,132,No,Yes,Yes,Yes,107,102,Closed,Closed,0,Normal,0,1,NULL,NULL,NULL,NULL,NULL,NULL,NULL,NULL,NULL,NULL,NULL,NULL,NULL,205697330,No,NULL,Yes,NULL,NULL,NULL,1,105,196070,NULL,NULL,NULL,NULL,NULL,NULL,NULL,NULL,NULL,NULL,NULL,NULL,NULL,NULL,NULL,NULL,NULL,NULL,NULL,NULL,NULL,NULL,NULL,NULL,NULL,
3057,133,No,Yes,Yes,Yes,102,3,Closed,Closed,0,Isolator,0,1,NULL,NULL,NULL,NULL,NULL,NULL,NULL,NULL,NULL,NULL,NULL,NULL,NULL,NULL,No,NULL,Yes,NULL,NULL,NULL,1,105,117222,NULL,NULL,NULL,NULL,NULL,NULL,NULL,NULL,NULL,NULL,NULL,NULL,NULL,NULL,NULL,NULL,NULL,NULL,NULL,NULL,NULL,NULL,NULL,NULL,NULL,
3058,343,No,Yes,Yes,Yes,4,50,Open,Open,0,Isolator,0,1,NULL,NULL,NULL,NULL,NULL,NULL,NULL,NULL,NULL,NULL,NULL,NULL,NULL,NULL,No,NULL,Yes,NULL,NULL,NULL,1,105,117225,NULL,NULL,NULL,NULL,NULL,NULL,NULL,NULL,NULL,NULL,NULL,NULL,NULL,NULL,NULL,NULL,NULL,NULL,NULL,NULL,NULL,NULL,NULL,NULL,NULL,
3059,151,No,Yes,Yes,Yes,999,103,Closed,Closed,0,Isolator,0,1,NULL,NULL,NULL,NULL,NULL,NULL,NULL,NULL,NULL,NULL,NULL,NULL,NULL,NULL,No,NULL,Yes,NULL,NULL,NULL,1,105,117226,NULL,NULL,NULL,NULL,NULL,NULL,NULL,NULL,NULL,NULL,NULL,NULL,NULL,NULL,NULL,NULL,NULL,NULL,NULL,NULL,NULL,NULL,NULL,NULL,NULL,
3060,OLINDA-CARLN,No,Yes,Yes,Yes,103,104,Closed,Closed,0,Normal,0,1,NULL,NULL,NULL,NULL,NULL,NULL,NULL,NULL,NULL,NULL,NULL,NULL,NULL,200007180,No,NULL,Yes,NULL,NULL,NULL,1,105,196058,NULL,NULL,NULL,NULL,NULL,NULL,NULL,NULL,NULL,NULL,NULL,NULL,NULL,NULL,NULL,NULL,NULL,NULL,NULL,NULL,NULL,NULL,NULL,NULL,NULL,
3061,153,No,Yes,Yes,Yes,104,5,Closed,Closed,0,Isolator,0,1,NULL,NULL,NULL,NULL,NULL,NULL,NULL,NULL,NULL,NULL,NULL,NULL,NULL,NULL,No,NULL,Yes,NULL,NULL,NULL,1,105,117228,NULL,NULL,NULL,NULL,NULL,NULL,NULL,NULL,NULL,NULL,NULL,NULL,NULL,NULL,NULL,NULL,NULL,NULL,NULL,NULL,NULL,NULL,NULL,NULL,NULL,
3062,353,No,Yes,Yes,Yes,5,50,Open,Open,0,Isolator,0,1,NULL,NULL,NULL,NULL,NULL,NULL,NULL,NULL,NULL,NULL,NULL,NULL,NULL,NULL,No,NULL,Yes,NULL,NULL,NULL,1,105,117230,NULL,NULL,NULL,NULL,NULL,NULL,NULL,NULL,NULL,NULL,NULL,NULL,NULL,NULL,NULL,NULL,NULL,NULL,NULL,NULL,NULL,NULL,NULL,NULL,NULL,
3063,161,No,Yes,Yes,Yes,999,105,Closed,Closed,0,Isolator,0,1,NULL,NULL,NULL,NULL,NULL,NULL,NULL,NULL,NULL,NULL,NULL,NULL,NULL,NULL,No,NULL,Yes,NULL,NULL,NULL,1,105,117232,NULL,NULL,NULL,NULL,NULL,NULL,NULL,NULL,NULL,NULL,NULL,NULL,NULL,NULL,NULL,NULL,NULL,NULL,NULL,NULL,NULL,NULL,NULL,NULL,NULL,
3064,162 2 BK,No,Yes,Yes,Yes,105,106,Closed,Closed,0,Normal,0,1,NULL,NULL,NULL,NULL,NULL,NULL,NULL,NULL,NULL,NULL,NULL,NULL,NULL,200007179,No,NULL,Yes,NULL,NULL,NULL,1,105,196096,NULL,NULL,NULL,NULL,NULL,NULL,NULL,NULL,NULL,NULL,NULL,NULL,NULL,NULL,NULL,NULL,NULL,NULL,NULL,NULL,NULL,NULL,NULL,NULL,NULL,
3065,163,No,Yes,Yes,Yes,106,6,Closed,Closed,0,Isolator,0,1,NULL,NULL,NULL,NULL,NULL,NULL,NULL,NULL,NULL,NULL,NULL,NULL,NULL,NULL,No,NULL,Yes,NULL,NULL,NULL,1,105,117234,NULL,NULL,NULL,NULL,NULL,NULL,NULL,NULL,NULL,NULL,NULL,NULL,NULL,NULL,NULL,NULL,NULL,NULL,NULL,NULL,NULL,NULL,NULL,NULL,NULL,
3066,363,No,Yes,Yes,Yes,6,50,Open,Open,0,Isolator,0,1,NULL,NULL,NULL,NULL,NULL,NULL,NULL,NULL,NULL,NULL,NULL,NULL,NULL,NULL,No,NULL,Yes,NULL,NULL,NULL,1,105,117236,NULL,NULL,NULL,NULL,NULL,NULL,NULL,NULL,NULL,NULL,NULL,NULL,NULL,NULL,NULL,NULL,NULL,NULL,NULL,NULL,NULL,NULL,NULL,NULL,NULL,
3067,S BK DISC,No,Yes,Yes,Yes,6,901,Closed,Closed,0,Isolator,0,1,NULL,NULL,NULL,NULL,NULL,NULL,NULL,NULL,NULL,NULL,NULL,NULL,NULL,NULL,No,NULL,Yes,NULL,NULL,NULL,1,105,117238,NULL,NULL,NULL,NULL,NULL,NULL,NULL,NULL,NULL,NULL,NULL,NULL,NULL,NULL,NULL,NULL,NULL,NULL,NULL,NULL,NULL,NULL,NULL,NULL,NULL,
3068,N BK DISC,No,Yes,Yes,Yes,6,900,Closed,Closed,0,Isolator,0,1,NULL,NULL,NULL,NULL,NULL,NULL,NULL,NULL,NULL,NULL,NULL,NULL,NULL,NULL,No,NULL,Yes,NULL,NULL,NULL,1,105,117239,NULL,NULL,NULL,NULL,NULL,NULL,NULL,NULL,NULL,NULL,NULL,NULL,NULL,NULL,NULL,NULL,NULL,NULL,NULL,NULL,NULL,NULL,NULL,NULL,NULL,
3069,111,No,Yes,Yes,Yes,999,100,Closed,Closed,0,Isolator,0,1,NULL,NULL,NULL,NULL,NULL,NULL,NULL,NULL,NULL,NULL,NULL,NULL,NULL,NULL,No,NULL,Yes,NULL,NULL,NULL,1,106,117010,NULL,NULL,NULL,NULL,NULL,NULL,NULL,NULL,NULL,NULL,NULL,NULL,NULL,NULL,NULL,NULL,NULL,NULL,NULL,NULL,NULL,NULL,NULL,NULL,NULL,
3070,113,No,Yes,Yes,Yes,101,1,Closed,Closed,0,Isolator,0,1,NULL,NULL,NULL,NULL,NULL,NULL,NULL,NULL,NULL,NULL,NULL,NULL,NULL,NULL,No,NULL,Yes,NULL,NULL,NULL,1,106,117012,NULL,NULL,NULL,NULL,NULL,NULL,NULL,NULL,NULL,NULL,NULL,NULL,NULL,NULL,NULL,NULL,NULL,NULL,NULL,NULL,NULL,NULL,NULL,NULL,NULL,
3071,313,No,Yes,Yes,Yes,1,50,Open,Open,0,Isolator,0,1,NULL,NULL,NULL,NULL,NULL,NULL,NULL,NULL,NULL,NULL,NULL,NULL,NULL,NULL,No,NULL,Yes,NULL,NULL,NULL,1,106,117014,NULL,NULL,NULL,NULL,NULL,NULL,NULL,NULL,NULL,NULL,NULL,NULL,NULL,NULL,NULL,NULL,NULL,NULL,NULL,NULL,NULL,NULL,NULL,NULL,NULL,
3072,121,No,Yes,Yes,Yes,999,102,Closed,Closed,0,Isolator,0,1,NULL,NULL,NULL,NULL,NULL,NULL,NULL,NULL,NULL,NULL,NULL,NULL,NULL,NULL,No,NULL,Yes,NULL,NULL,NULL,1,106,117015,NULL,NULL,NULL,NULL,NULL,NULL,NULL,NULL,NULL,NULL,NULL,NULL,NULL,NULL,NULL,NULL,NULL,NULL,NULL,NULL,NULL,NULL,NULL,NULL,NULL,
3073,122 TR NO.1,No,Yes,Yes,Yes,102,103,Closed,Closed,0,Normal,0,1,NULL,NULL,NULL,NULL,NULL,NULL,NULL,NULL,NULL,NULL,NULL,NULL,NULL,206765330,No,NULL,Yes,NULL,NULL,NULL,1,106,178422,NULL,NULL,NULL,NULL,NULL,NULL,NULL,NULL,NULL,NULL,NULL,NULL,NULL,NULL,NULL,NULL,NULL,NULL,NULL,NULL,NULL,NULL,NULL,NULL,NULL,
3074,123,No,Yes,Yes,Yes,103,2,Closed,Closed,0,Isolator,0,1,NULL,NULL,NULL,NULL,NULL,NULL,NULL,NULL,NULL,NULL,NULL,NULL,NULL,NULL,No,NULL,Yes,NULL,NULL,NULL,1,106,117017,NULL,NULL,NULL,NULL,NULL,NULL,NULL,NULL,NULL,NULL,NULL,NULL,NULL,NULL,NULL,NULL,NULL,NULL,NULL,NULL,NULL,NULL,NULL,NULL,NULL,
3075,323,No,Yes,Yes,Yes,2,50,Open,Open,0,Isolator,0,1,NULL,NULL,NULL,NULL,NULL,NULL,NULL,NULL,NULL,NULL,NULL,NULL,NULL,NULL,No,NULL,Yes,NULL,NULL,NULL,1,106,117018,NULL,NULL,NULL,NULL,NULL,NULL,NULL,NULL,NULL,NULL,NULL,NULL,NULL,NULL,NULL,NULL,NULL,NULL,NULL,NULL,NULL,NULL,NULL,NULL,NULL,
3076,131,No,Yes,Yes,Yes,999,104,Closed,Closed,0,Isolator,0,1,NULL,NULL,NULL,NULL,NULL,NULL,NULL,NULL,NULL,NULL,NULL,NULL,NULL,NULL,No,NULL,Yes,NULL,NULL,NULL,1,106,117019,NULL,NULL,NULL,NULL,NULL,NULL,NULL,NULL,NULL,NULL,NULL,NULL,NULL,NULL,NULL,NULL,NULL,NULL,NULL,NULL,NULL,NULL,NULL,NULL,NULL,
3077,133,No,Yes,Yes,Yes,105,3,Closed,Closed,0,Isolator,0,1,NULL,NULL,NULL,NULL,NULL,NULL,NULL,NULL,NULL,NULL,NULL,NULL,NULL,NULL,No,NULL,Yes,NULL,NULL,NULL,1,106,117021,NULL,NULL,NULL,NULL,NULL,NULL,NULL,NULL,NULL,NULL,NULL,NULL,NULL,NULL,NULL,NULL,NULL,NULL,NULL,NULL,NULL,NULL,NULL,NULL,NULL,
3078,135,No,Yes,Yes,Yes,3,7,Closed,Closed,0,Isolator,0,1,NULL,NULL,NULL,NULL,NULL,NULL,NULL,NULL,NULL,NULL,NULL,NULL,NULL,NULL,No,NULL,Yes,NULL,NULL,NULL,1,106,117023,NULL,NULL,NULL,NULL,NULL,NULL,NULL,NULL,NULL,NULL,NULL,NULL,NULL,NULL,NULL,NULL,NULL,NULL,NULL,NULL,NULL,NULL,NULL,NULL,NULL,
3079,333,No,Yes,Yes,Yes,3,50,Open,Open,0,Isolator,0,1,NULL,NULL,NULL,NULL,NULL,NULL,NULL,NULL,NULL,NULL,NULL,NULL,NULL,NULL,No,NULL,Yes,NULL,NULL,NULL,1,106,117024,NULL,NULL,NULL,NULL,NULL,NULL,NULL,NULL,NULL,NULL,NULL,NULL,NULL,NULL,NULL,NULL,NULL,NULL,NULL,NULL,NULL,NULL,NULL,NULL,NULL,
3080,141,No,Yes,Yes,Yes,999,106,Closed,Closed,0,Isolator,0,1,NULL,NULL,NULL,NULL,NULL,NULL,NULL,NULL,NULL,NULL,NULL,NULL,NULL,NULL,No,NULL,Yes,NULL,NULL,NULL,1,106,117025,NULL,NULL,NULL,NULL,NULL,NULL,NULL,NULL,NULL,NULL,NULL,NULL,NULL,NULL,NULL,NULL,NULL,NULL,NULL,NULL,NULL,NULL,NULL,NULL,NULL,
3081,143,No,Yes,Yes,Yes,107,4,Closed,Closed,0,Isolator,0,1,NULL,NULL,NULL,NULL,NULL,NULL,NULL,NULL,NULL,NULL,NULL,NULL,NULL,NULL,No,NULL,Yes,NULL,NULL,NULL,1,106,117027,NULL,NULL,NULL,NULL,NULL,NULL,NULL,NULL,NULL,NULL,NULL,NULL,NULL,NULL,NULL,NULL,NULL,NULL,NULL,NULL,NULL,NULL,NULL,NULL,NULL,
3082,343,No,Yes,Yes,Yes,4,50,Closed,Closed,0,Isolator,0,1,NULL,NULL,NULL,NULL,NULL,NULL,NULL,NULL,NULL,NULL,NULL,NULL,NULL,NULL,No,NULL,Yes,NULL,NULL,NULL,1,106,117029,NULL,NULL,NULL,NULL,NULL,NULL,NULL,NULL,NULL,NULL,NULL,NULL,NULL,NULL,NULL,NULL,NULL,NULL,NULL,NULL,NULL,NULL,NULL,NULL,NULL,
3083,151,No,Yes,Yes,Yes,999,108,Closed,Closed,0,Isolator,0,1,NULL,NULL,NULL,NULL,NULL,NULL,NULL,NULL,NULL,NULL,NULL,NULL,NULL,NULL,No,NULL,Yes,NULL,NULL,NULL,1,106,117030,NULL,NULL,NULL,NULL,NULL,NULL,NULL,NULL,NULL,NULL,NULL,NULL,NULL,NULL,NULL,NULL,NULL,NULL,NULL,NULL,NULL,NULL,NULL,NULL,NULL,
3084,152 TR NO.2,No,Yes,Yes,Yes,108,109,Closed,Closed,0,Normal,0,1,NULL,NULL,NULL,NULL,NULL,NULL,NULL,NULL,NULL,NULL,NULL,NULL,NULL,200007208,No,NULL,Yes,NULL,NULL,NULL,1,106,178442,NULL,NULL,NULL,NULL,NULL,NULL,NULL,NULL,NULL,NULL,NULL,NULL,NULL,NULL,NULL,NULL,NULL,NULL,NULL,NULL,NULL,NULL,NULL,NULL,NULL,
3085,153,No,Yes,Yes,Yes,109,5,Closed,Closed,0,Isolator,0,1,NULL,NULL,NULL,NULL,NULL,NULL,NULL,NULL,NULL,NULL,NULL,NULL,NULL,NULL,No,NULL,Yes,NULL,NULL,NULL,1,106,117032,NULL,NULL,NULL,NULL,NULL,NULL,NULL,NULL,NULL,NULL,NULL,NULL,NULL,NULL,NULL,NULL,NULL,NULL,NULL,NULL,NULL,NULL,NULL,NULL,NULL,
3086,353,No,Yes,Yes,Yes,5,50,Open,Open,0,Isolator,0,1,NULL,NULL,NULL,NULL,NULL,NULL,NULL,NULL,NULL,NULL,NULL,NULL,NULL,NULL,No,NULL,Yes,NULL,NULL,NULL,1,106,117033,NULL,NULL,NULL,NULL,NULL,NULL,NULL,NULL,NULL,NULL,NULL,NULL,NULL,NULL,NULL,NULL,NULL,NULL,NULL,NULL,NULL,NULL,NULL,NULL,NULL,
3087,161,No,Yes,Yes,Yes,999,110,Closed,Closed,0,Isolator,0,1,NULL,NULL,NULL,NULL,NULL,NULL,NULL,NULL,NULL,NULL,NULL,NULL,NULL,NULL,No,NULL,Yes,NULL,NULL,NULL,1,106,117034,NULL,NULL,NULL,NULL,NULL,NULL,NULL,NULL,NULL,NULL,NULL,NULL,NULL,NULL,NULL,NULL,NULL,NULL,NULL,NULL,NULL,NULL,NULL,NULL,NULL,
3088,163,No,Yes,Yes,Yes,6,111,Closed,Closed,0,Isolator,0,1,NULL,NULL,NULL,NULL,NULL,NULL,NULL,NULL,NULL,NULL,NULL,NULL,NULL,NULL,No,NULL,Yes,NULL,NULL,NULL,1,106,117036,NULL,NULL,NULL,NULL,NULL,NULL,NULL,NULL,NULL,NULL,NULL,NULL,NULL,NULL,NULL,NULL,NULL,NULL,NULL,NULL,NULL,NULL,NULL,NULL,NULL,
3089,363,No,Yes,Yes,Yes,6,50,Open,Open,0,Isolator,0,1,NULL,NULL,NULL,NULL,NULL,NULL,NULL,NULL,NULL,NULL,NULL,NULL,NULL,NULL,No,NULL,Yes,NULL,NULL,NULL,1,106,117038,NULL,NULL,NULL,NULL,NULL,NULL,NULL,NULL,NULL,NULL,NULL,NULL,NULL,NULL,NULL,NULL,NULL,NULL,NULL,NULL,NULL,NULL,NULL,NULL,NULL,
3090,CB12 O-B-L-U,No,Yes,Yes,Yes,100,101,Closed,Closed,0,Normal,0,1,NULL,NULL,NULL,NULL,NULL,NULL,NULL,NULL,NULL,NULL,NULL,NULL,NULL,200007209,No,NULL,Yes,NULL,NULL,NULL,1,106,178395,NULL,NULL,NULL,NULL,NULL,NULL,NULL,NULL,NULL,NULL,NULL,NULL,NULL,NULL,NULL,NULL,NULL,NULL,NULL,NULL,NULL,NULL,NULL,NULL,NULL,
3091,CB16VP-PL-T,No,Yes,Yes,Yes,104,105,Open,Open,0,Normal,0,1,NULL,NULL,NULL,NULL,NULL,NULL,NULL,NULL,NULL,NULL,NULL,NULL,NULL,200007212,No,NULL,Yes,NULL,NULL,NULL,1,106,178406,NULL,NULL,NULL,NULL,NULL,NULL,NULL,NULL,NULL,NULL,NULL,NULL,NULL,NULL,NULL,NULL,NULL,NULL,NULL,NULL,NULL,NULL,NULL,NULL,NULL,
3092,CB 18 OLINDA,No,Yes,Yes,Yes,106,107,Closed,Closed,0,Normal,0,1,NULL,NULL,NULL,NULL,NULL,NULL,NULL,NULL,NULL,NULL,NULL,NULL,NULL,200007210,No,NULL,Yes,NULL,NULL,NULL,1,106,178373,NULL,NULL,NULL,NULL,NULL,NULL,NULL,NULL,NULL,NULL,NULL,NULL,NULL,NULL,NULL,NULL,NULL,NULL,NULL,NULL,NULL,NULL,NULL,NULL,NULL,
3093,CB 22 OLN-BR,No,Yes,Yes,Yes,110,111,Closed,Closed,0,Normal,0,1,NULL,NULL,NULL,NULL,NULL,NULL,NULL,NULL,NULL,NULL,NULL,NULL,NULL,206765329,No,NULL,Yes,NULL,NULL,NULL,1,106,178384,NULL,NULL,NULL,NULL,NULL,NULL,NULL,NULL,NULL,NULL,NULL,NULL,NULL,NULL,NULL,NULL,NULL,NULL,NULL,NULL,NULL,NULL,NULL,NULL,NULL,
3094,BK.1 N DISC,No,Yes,Yes,Yes,2,900,Closed,Closed,0,Isolator,0,1,NULL,NULL,NULL,NULL,NULL,NULL,NULL,NULL,NULL,NULL,NULL,NULL,NULL,NULL,No,NULL,Yes,NULL,NULL,NULL,1,106,178566,NULL,NULL,NULL,NULL,NULL,NULL,NULL,NULL,NULL,NULL,NULL,NULL,NULL,NULL,NULL,NULL,NULL,NULL,NULL,NULL,NULL,NULL,NULL,NULL,NULL,
3095,NO.1 BK S HS ISO DISC,No,Yes,Yes,Yes,2,611,Closed,Closed,0,Isolator,0,1,NULL,NULL,NULL,NULL,NULL,NULL,NULL,NULL,NULL,NULL,NULL,NULL,NULL,NULL,No,NULL,Yes,NULL,NULL,NULL,1,106,178567,NULL,NULL,NULL,NULL,NULL,NULL,NULL,NULL,NULL,NULL,NULL,NULL,NULL,NULL,NULL,NULL,NULL,NULL,NULL,NULL,NULL,NULL,NULL,NULL,NULL,
3096,111,No,Yes,Yes,Yes,999,100,Closed,Closed,0,Isolator,0,1,NULL,NULL,NULL,NULL,NULL,NULL,NULL,NULL,NULL,NULL,NULL,NULL,NULL,NULL,No,NULL,Yes,NULL,NULL,NULL,1,107,117041,NULL,NULL,NULL,NULL,NULL,NULL,NULL,NULL,NULL,NULL,NULL,NULL,NULL,NULL,NULL,NULL,NULL,NULL,NULL,NULL,NULL,NULL,NULL,NULL,NULL,
3097,112 MWDTELGRPHCB,No,Yes,Yes,Yes,100,101,Closed,Closed,0,Normal,0,1,NULL,NULL,NULL,NULL,NULL,NULL,NULL,NULL,NULL,NULL,NULL,NULL,NULL,207426530,No,NULL,Yes,NULL,NULL,NULL,1,107,141355,NULL,NULL,NULL,NULL,NULL,NULL,NULL,NULL,NULL,NULL,NULL,NULL,NULL,NULL,NULL,NULL,NULL,NULL,NULL,NULL,NULL,NULL,NULL,NULL,NULL,
3098,113,No,Yes,Yes,Yes,101,1,Closed,Closed,0,Isolator,0,1,NULL,NULL,NULL,NULL,NULL,NULL,NULL,NULL,NULL,NULL,NULL,NULL,NULL,NULL,No,NULL,Yes,NULL,NULL,NULL,1,107,117043,NULL,NULL,NULL,NULL,NULL,NULL,NULL,NULL,NULL,NULL,NULL,NULL,NULL,NULL,NULL,NULL,NULL,NULL,NULL,NULL,NULL,NULL,NULL,NULL,NULL,
3099,313,No,Yes,Yes,Yes,1,50,Open,Open,0,Isolator,0,1,NULL,NULL,NULL,NULL,NULL,NULL,NULL,NULL,NULL,NULL,NULL,NULL,NULL,NULL,No,NULL,Yes,NULL,NULL,NULL,1,107,117045,NULL,NULL,NULL,NULL,NULL,NULL,NULL,NULL,NULL,NULL,NULL,NULL,NULL,NULL,NULL,NULL,NULL,NULL,NULL,NULL,NULL,NULL,NULL,NULL,NULL,
3100,121,No,Yes,Yes,Yes,999,102,Closed,Closed,0,Isolator,0,1,NULL,NULL,NULL,NULL,NULL,NULL,NULL,NULL,NULL,NULL,NULL,NULL,NULL,NULL,No,NULL,Yes,NULL,NULL,NULL,1,107,117046,NULL,NULL,NULL,NULL,NULL,NULL,NULL,NULL,NULL,NULL,NULL,NULL,NULL,NULL,NULL,NULL,NULL,NULL,NULL,NULL,NULL,NULL,NULL,NULL,NULL,
3101,122 BK 1 HS CB,No,Yes,Yes,Yes,102,103,Closed,Closed,0,Normal,0,1,NULL,NULL,NULL,NULL,NULL,NULL,NULL,NULL,NULL,NULL,NULL,NULL,NULL,207426531,No,NULL,Yes,NULL,NULL,NULL,1,107,141402,NULL,NULL,NULL,NULL,NULL,NULL,NULL,NULL,NULL,NULL,NULL,NULL,NULL,NULL,NULL,NULL,NULL,NULL,NULL,NULL,NULL,NULL,NULL,NULL,NULL,
3102,123,No,Yes,Yes,Yes,103,2,Closed,Closed,0,Isolator,0,1,NULL,NULL,NULL,NULL,NULL,NULL,NULL,NULL,NULL,NULL,NULL,NULL,NULL,NULL,No,NULL,Yes,NULL,NULL,NULL,1,107,117048,NULL,NULL,NULL,NULL,NULL,NULL,NULL,NULL,NULL,NULL,NULL,NULL,NULL,NULL,NULL,NULL,NULL,NULL,NULL,NULL,NULL,NULL,NULL,NULL,NULL,
3103,323,No,Yes,Yes,Yes,2,50,Open,Open,0,Isolator,0,1,NULL,NULL,NULL,NULL,NULL,NULL,NULL,NULL,NULL,NULL,NULL,NULL,NULL,NULL,No,NULL,Yes,NULL,NULL,NULL,1,107,117049,NULL,NULL,NULL,NULL,NULL,NULL,NULL,NULL,NULL,NULL,NULL,NULL,NULL,NULL,NULL,NULL,NULL,NULL,NULL,NULL,NULL,NULL,NULL,NULL,NULL,
3104,131,No,Yes,Yes,Yes,999,104,Closed,Closed,0,Isolator,0,1,NULL,NULL,NULL,NULL,NULL,NULL,NULL,NULL,NULL,NULL,NULL,NULL,NULL,NULL,No,NULL,Yes,NULL,NULL,NULL,1,107,117050,NULL,NULL,NULL,NULL,NULL,NULL,NULL,NULL,NULL,NULL,NULL,NULL,NULL,NULL,NULL,NULL,NULL,NULL,NULL,NULL,NULL,NULL,NULL,NULL,NULL,
3105,132 BUS TIE,No,Yes,Yes,Yes,104,105,Closed,Closed,0,Normal,0,1,NULL,NULL,NULL,NULL,NULL,NULL,NULL,NULL,NULL,NULL,NULL,NULL,NULL,207514096,No,NULL,Yes,NULL,NULL,NULL,1,107,141367,NULL,NULL,NULL,NULL,NULL,NULL,NULL,NULL,NULL,NULL,NULL,NULL,NULL,NULL,NULL,NULL,NULL,NULL,NULL,NULL,NULL,NULL,NULL,NULL,NULL,
3106,333,No,Yes,Yes,Yes,105,50,Closed,Closed,0,Isolator,0,1,NULL,NULL,NULL,NULL,NULL,NULL,NULL,NULL,NULL,NULL,NULL,NULL,NULL,NULL,No,NULL,Yes,NULL,NULL,NULL,1,107,117052,NULL,NULL,NULL,NULL,NULL,NULL,NULL,NULL,NULL,NULL,NULL,NULL,NULL,NULL,NULL,NULL,NULL,NULL,NULL,NULL,NULL,NULL,NULL,NULL,NULL,
3107,141,No,Yes,Yes,Yes,999,106,Closed,Closed,0,Isolator,0,1,NULL,NULL,NULL,NULL,NULL,NULL,NULL,NULL,NULL,NULL,NULL,NULL,NULL,NULL,No,NULL,Yes,NULL,NULL,NULL,1,107,117053,NULL,NULL,NULL,NULL,NULL,NULL,NULL,NULL,NULL,NULL,NULL,NULL,NULL,NULL,NULL,NULL,NULL,NULL,NULL,NULL,NULL,NULL,NULL,NULL,NULL,
3108,142 OLINDA #1 CB,No,Yes,Yes,Yes,106,107,Closed,Closed,0,Normal,0,1,NULL,NULL,NULL,NULL,NULL,NULL,NULL,NULL,NULL,NULL,NULL,NULL,NULL,207536774,No,NULL,Yes,NULL,NULL,NULL,1,107,141331,NULL,NULL,NULL,NULL,NULL,NULL,NULL,NULL,NULL,NULL,NULL,NULL,NULL,NULL,NULL,NULL,NULL,NULL,NULL,NULL,NULL,NULL,NULL,NULL,NULL,
3109,143,No,Yes,Yes,Yes,107,4,Closed,Closed,0,Isolator,0,1,NULL,NULL,NULL,NULL,NULL,NULL,NULL,NULL,NULL,NULL,NULL,NULL,NULL,NULL,No,NULL,Yes,NULL,NULL,NULL,1,107,117055,NULL,NULL,NULL,NULL,NULL,NULL,NULL,NULL,NULL,NULL,NULL,NULL,NULL,NULL,NULL,NULL,NULL,NULL,NULL,NULL,NULL,NULL,NULL,NULL,NULL,
3110,343,No,Yes,Yes,Yes,4,50,Open,Open,0,Isolator,0,1,NULL,NULL,NULL,NULL,NULL,NULL,NULL,NULL,NULL,NULL,NULL,NULL,NULL,NULL,No,NULL,Yes,NULL,NULL,NULL,1,107,117057,NULL,NULL,NULL,NULL,NULL,NULL,NULL,NULL,NULL,NULL,NULL,NULL,NULL,NULL,NULL,NULL,NULL,NULL,NULL,NULL,NULL,NULL,NULL,NULL,NULL,
3111,151,No,Yes,Yes,Yes,999,108,Closed,Closed,0,Isolator,0,1,NULL,NULL,NULL,NULL,NULL,NULL,NULL,NULL,NULL,NULL,NULL,NULL,NULL,NULL,No,NULL,Yes,NULL,NULL,NULL,1,107,117058,NULL,NULL,NULL,NULL,NULL,NULL,NULL,NULL,NULL,NULL,NULL,NULL,NULL,NULL,NULL,NULL,NULL,NULL,NULL,NULL,NULL,NULL,NULL,NULL,NULL,
3112,152 BK 2 HS CB,No,Yes,Yes,Yes,108,109,Closed,Closed,0,Normal,0,1,NULL,NULL,NULL,NULL,NULL,NULL,NULL,NULL,NULL,NULL,NULL,NULL,NULL,200007246,No,NULL,Yes,NULL,NULL,NULL,1,107,141380,NULL,NULL,NULL,NULL,NULL,NULL,NULL,NULL,NULL,NULL,NULL,NULL,NULL,NULL,NULL,NULL,NULL,NULL,NULL,NULL,NULL,NULL,NULL,NULL,NULL,
3113,153,No,Yes,Yes,Yes,109,5,Closed,Closed,0,Isolator,0,1,NULL,NULL,NULL,NULL,NULL,NULL,NULL,NULL,NULL,NULL,NULL,NULL,NULL,NULL,No,NULL,Yes,NULL,NULL,NULL,1,107,117060,NULL,NULL,NULL,NULL,NULL,NULL,NULL,NULL,NULL,NULL,NULL,NULL,NULL,NULL,NULL,NULL,NULL,NULL,NULL,NULL,NULL,NULL,NULL,NULL,NULL,
3114,353,No,Yes,Yes,Yes,5,50,Open,Open,0,Isolator,0,1,NULL,NULL,NULL,NULL,NULL,NULL,NULL,NULL,NULL,NULL,NULL,NULL,NULL,NULL,No,NULL,Yes,NULL,NULL,NULL,1,107,117061,NULL,NULL,NULL,NULL,NULL,NULL,NULL,NULL,NULL,NULL,NULL,NULL,NULL,NULL,NULL,NULL,NULL,NULL,NULL,NULL,NULL,NULL,NULL,NULL,NULL,
3115,161,No,Yes,Yes,Yes,999,110,Closed,Closed,0,Isolator,0,1,NULL,NULL,NULL,NULL,NULL,NULL,NULL,NULL,NULL,NULL,NULL,NULL,NULL,NULL,No,NULL,Yes,NULL,NULL,NULL,1,107,117062,NULL,NULL,NULL,NULL,NULL,NULL,NULL,NULL,NULL,NULL,NULL,NULL,NULL,NULL,NULL,NULL,NULL,NULL,NULL,NULL,NULL,NULL,NULL,NULL,NULL,
3116,162 OLINDA# 2 CB,No,Yes,Yes,Yes,110,111,Closed,Closed,0,Normal,0,1,NULL,NULL,NULL,NULL,NULL,NULL,NULL,NULL,NULL,NULL,NULL,NULL,NULL,207536771,No,NULL,Yes,NULL,NULL,NULL,1,107,141343,NULL,NULL,NULL,NULL,NULL,NULL,NULL,NULL,NULL,NULL,NULL,NULL,NULL,NULL,NULL,NULL,NULL,NULL,NULL,NULL,NULL,NULL,NULL,NULL,NULL,
3117,163,No,Yes,Yes,Yes,111,6,Closed,Closed,0,Isolator,0,1,NULL,NULL,NULL,NULL,NULL,NULL,NULL,NULL,NULL,NULL,NULL,NULL,NULL,NULL,No,NULL,Yes,NULL,NULL,NULL,1,107,117064,NULL,NULL,NULL,NULL,NULL,NULL,NULL,NULL,NULL,NULL,NULL,NULL,NULL,NULL,NULL,NULL,NULL,NULL,NULL,NULL,NULL,NULL,NULL,NULL,NULL,
3118,363,No,Yes,Yes,Yes,6,50,Open,Open,0,Isolator,0,1,NULL,NULL,NULL,NULL,NULL,NULL,NULL,NULL,NULL,NULL,NULL,NULL,NULL,NULL,No,NULL,Yes,NULL,NULL,NULL,1,107,117066,NULL,NULL,NULL,NULL,NULL,NULL,NULL,NULL,NULL,NULL,NULL,NULL,NULL,NULL,NULL,NULL,NULL,NULL,NULL,NULL,NULL,NULL,NULL,NULL,NULL,
3119,127 1BK N,No,Yes,Yes,Yes,2,90,Closed,Closed,0,Isolator,0,1,NULL,NULL,NULL,NULL,NULL,NULL,NULL,NULL,NULL,NULL,NULL,NULL,NULL,NULL,No,NULL,Yes,NULL,NULL,NULL,1,107,117069,NULL,NULL,NULL,NULL,NULL,NULL,NULL,NULL,NULL,NULL,NULL,NULL,NULL,NULL,NULL,NULL,NULL,NULL,NULL,NULL,NULL,NULL,NULL,NULL,NULL,
3120,129 1BK S,No,Yes,Yes,Yes,2,91,Closed,Closed,0,Isolator,0,1,NULL,NULL,NULL,NULL,NULL,NULL,NULL,NULL,NULL,NULL,NULL,NULL,NULL,NULL,No,NULL,Yes,NULL,NULL,NULL,1,107,117070,NULL,NULL,NULL,NULL,NULL,NULL,NULL,NULL,NULL,NULL,NULL,NULL,NULL,NULL,NULL,NULL,NULL,NULL,NULL,NULL,NULL,NULL,NULL,NULL,NULL,
3121,157 2BK N,No,Yes,Yes,Yes,5,92,Closed,Closed,0,Isolator,0,1,NULL,NULL,NULL,NULL,NULL,NULL,NULL,NULL,NULL,NULL,NULL,NULL,NULL,NULL,No,NULL,Yes,NULL,NULL,NULL,1,107,117071,NULL,NULL,NULL,NULL,NULL,NULL,NULL,NULL,NULL,NULL,NULL,NULL,NULL,NULL,NULL,NULL,NULL,NULL,NULL,NULL,NULL,NULL,NULL,NULL,NULL,
3122,159 2BK S,No,Yes,Yes,Yes,5,93,Closed,Closed,0,Isolator,0,1,NULL,NULL,NULL,NULL,NULL,NULL,NULL,NULL,NULL,NULL,NULL,NULL,NULL,NULL,No,NULL,Yes,NULL,NULL,NULL,1,107,117072,NULL,NULL,NULL,NULL,NULL,NULL,NULL,NULL,NULL,NULL,NULL,NULL,NULL,NULL,NULL,NULL,NULL,NULL,NULL,NULL,NULL,NULL,NULL,NULL,NULL,
3126,LINE DISC 3,No,Yes,Yes,Yes,999,100,Closed,Closed,0,Isolator,0,1,NULL,NULL,NULL,NULL,NULL,NULL,NULL,NULL,NULL,NULL,NULL,NULL,NULL,NULL,No,NULL,Yes,NULL,NULL,NULL,1,109,117372,NULL,NULL,NULL,NULL,NULL,NULL,NULL,NULL,NULL,NULL,NULL,NULL,NULL,NULL,NULL,NULL,NULL,NULL,NULL,NULL,NULL,NULL,NULL,NULL,NULL,
3127,FUSE,No,Yes,Yes,Yes,100,101,Closed,Closed,0,Isolator,0,1,NULL,NULL,NULL,NULL,NULL,NULL,NULL,NULL,NULL,NULL,NULL,NULL,NULL,NULL,No,NULL,Yes,NULL,NULL,NULL,1,109,117373,NULL,NULL,NULL,NULL,NULL,NULL,NULL,NULL,NULL,NULL,NULL,NULL,NULL,NULL,NULL,NULL,NULL,NULL,NULL,NULL,NULL,NULL,NULL,NULL,NULL,
3128,TRANS DISC,No,Yes,Yes,Yes,101,900,Closed,Closed,0,Isolator,0,1,NULL,NULL,NULL,NULL,NULL,NULL,NULL,NULL,NULL,NULL,NULL,NULL,NULL,NULL,No,NULL,Yes,NULL,NULL,NULL,1,109,117374,NULL,NULL,NULL,NULL,NULL,NULL,NULL,NULL,NULL,NULL,NULL,NULL,NULL,NULL,NULL,NULL,NULL,NULL,NULL,NULL,NULL,NULL,NULL,NULL,NULL,
3131,121,No,Yes,Yes,Yes,999,100,Closed,Closed,0,Isolator,0,1,NULL,NULL,NULL,NULL,NULL,NULL,NULL,NULL,NULL,NULL,NULL,NULL,NULL,NULL,No,NULL,Yes,NULL,NULL,NULL,1,111,204708,NULL,NULL,NULL,NULL,NULL,NULL,NULL,NULL,NULL,NULL,NULL,NULL,NULL,NULL,NULL,NULL,NULL,NULL,NULL,NULL,NULL,NULL,NULL,NULL,NULL,
3132,122 BK 1 HS CB,No,Yes,Yes,Yes,100,101,Closed,Closed,0,Normal,0,1,NULL,NULL,NULL,NULL,NULL,NULL,NULL,NULL,NULL,NULL,NULL,NULL,NULL,200007315,No,NULL,Yes,NULL,NULL,NULL,1,111,180338,NULL,NULL,NULL,NULL,NULL,NULL,NULL,NULL,NULL,NULL,NULL,NULL,NULL,NULL,NULL,NULL,NULL,NULL,NULL,NULL,NULL,NULL,NULL,NULL,NULL,
3133,123,No,Yes,Yes,Yes,101,2,Closed,Closed,0,Isolator,0,1,NULL,NULL,NULL,NULL,NULL,NULL,NULL,NULL,NULL,NULL,NULL,NULL,NULL,NULL,No,NULL,Yes,NULL,NULL,NULL,1,111,204710,NULL,NULL,NULL,NULL,NULL,NULL,NULL,NULL,NULL,NULL,NULL,NULL,NULL,NULL,NULL,NULL,NULL,NULL,NULL,NULL,NULL,NULL,NULL,NULL,NULL,
3134,321,No,Yes,Yes,Yes,2,50,Open,Open,0,Isolator,0,1,NULL,NULL,NULL,NULL,NULL,NULL,NULL,NULL,NULL,NULL,NULL,NULL,NULL,NULL,No,NULL,Yes,NULL,NULL,NULL,1,111,204711,NULL,NULL,NULL,NULL,NULL,NULL,NULL,NULL,NULL,NULL,NULL,NULL,NULL,NULL,NULL,NULL,NULL,NULL,NULL,NULL,NULL,NULL,NULL,NULL,NULL,
3135,131,No,Yes,Yes,Yes,999,102,Closed,Closed,0,Isolator,0,1,NULL,NULL,NULL,NULL,NULL,NULL,NULL,NULL,NULL,NULL,NULL,NULL,NULL,NULL,No,NULL,Yes,NULL,NULL,NULL,1,111,204712,NULL,NULL,NULL,NULL,NULL,NULL,NULL,NULL,NULL,NULL,NULL,NULL,NULL,NULL,NULL,NULL,NULL,NULL,NULL,NULL,NULL,NULL,NULL,NULL,NULL,
3136,OLINDA-NOR CB,No,Yes,Yes,Yes,102,103,Closed,Closed,0,Normal,0,1,NULL,NULL,NULL,NULL,NULL,NULL,NULL,NULL,NULL,NULL,NULL,NULL,NULL,200007317,No,NULL,Yes,NULL,NULL,NULL,1,111,180303,NULL,NULL,NULL,NULL,NULL,NULL,NULL,NULL,NULL,NULL,NULL,NULL,NULL,NULL,NULL,NULL,NULL,NULL,NULL,NULL,NULL,NULL,NULL,NULL,NULL,
3137,133,No,Yes,Yes,Yes,103,3,Closed,Closed,0,Isolator,0,1,NULL,NULL,NULL,NULL,NULL,NULL,NULL,NULL,NULL,NULL,NULL,NULL,NULL,NULL,No,NULL,Yes,NULL,NULL,NULL,1,111,204714,NULL,NULL,NULL,NULL,NULL,NULL,NULL,NULL,NULL,NULL,NULL,NULL,NULL,NULL,NULL,NULL,NULL,NULL,NULL,NULL,NULL,NULL,NULL,NULL,NULL,
3138,331,No,Yes,Yes,Yes,3,50,Open,Open,0,Isolator,0,1,NULL,NULL,NULL,NULL,NULL,NULL,NULL,NULL,NULL,NULL,NULL,NULL,NULL,NULL,No,NULL,Yes,NULL,NULL,NULL,1,111,204716,NULL,NULL,NULL,NULL,NULL,NULL,NULL,NULL,NULL,NULL,NULL,NULL,NULL,NULL,NULL,NULL,NULL,NULL,NULL,NULL,NULL,NULL,NULL,NULL,NULL,
3139,141,No,Yes,Yes,Yes,999,104,Closed,Closed,0,Isolator,0,1,NULL,NULL,NULL,NULL,NULL,NULL,NULL,NULL,NULL,NULL,NULL,NULL,NULL,NULL,No,NULL,Yes,NULL,NULL,NULL,1,111,204717,NULL,NULL,NULL,NULL,NULL,NULL,NULL,NULL,NULL,NULL,NULL,NULL,NULL,NULL,NULL,NULL,NULL,NULL,NULL,NULL,NULL,NULL,NULL,NULL,NULL,
3140,142 BK.2 HS CB,No,Yes,Yes,Yes,104,105,Closed,Closed,0,Normal,0,1,NULL,NULL,NULL,NULL,NULL,NULL,NULL,NULL,NULL,NULL,NULL,NULL,NULL,200007316,No,NULL,Yes,NULL,NULL,NULL,1,111,180361,NULL,NULL,NULL,NULL,NULL,NULL,NULL,NULL,NULL,NULL,NULL,NULL,NULL,NULL,NULL,NULL,NULL,NULL,NULL,NULL,NULL,NULL,NULL,NULL,NULL,
3141,143,No,Yes,Yes,Yes,105,4,Closed,Closed,0,Isolator,0,1,NULL,NULL,NULL,NULL,NULL,NULL,NULL,NULL,NULL,NULL,NULL,NULL,NULL,NULL,No,NULL,Yes,NULL,NULL,NULL,1,111,204719,NULL,NULL,NULL,NULL,NULL,NULL,NULL,NULL,NULL,NULL,NULL,NULL,NULL,NULL,NULL,NULL,NULL,NULL,NULL,NULL,NULL,NULL,NULL,NULL,NULL,
3142,146 E. NT DS,No,Yes,Yes,Yes,4,612,Closed,Closed,0,Isolator,0,1,NULL,NULL,NULL,NULL,NULL,NULL,NULL,NULL,NULL,NULL,NULL,NULL,NULL,NULL,No,NULL,Yes,NULL,NULL,NULL,1,111,204720,NULL,NULL,NULL,NULL,NULL,NULL,NULL,NULL,NULL,NULL,NULL,NULL,NULL,NULL,NULL,NULL,NULL,NULL,NULL,NULL,NULL,NULL,NULL,NULL,NULL,
3143,341,No,Yes,Yes,Yes,4,50,Open,Open,0,Isolator,0,1,NULL,NULL,NULL,NULL,NULL,NULL,NULL,NULL,NULL,NULL,NULL,NULL,NULL,NULL,No,NULL,Yes,NULL,NULL,NULL,1,111,204722,NULL,NULL,NULL,NULL,NULL,NULL,NULL,NULL,NULL,NULL,NULL,NULL,NULL,NULL,NULL,NULL,NULL,NULL,NULL,NULL,NULL,NULL,NULL,NULL,NULL,
3144,151,No,Yes,Yes,Yes,999,106,Closed,Closed,0,Isolator,0,1,NULL,NULL,NULL,NULL,NULL,NULL,NULL,NULL,NULL,NULL,NULL,NULL,NULL,NULL,No,NULL,Yes,NULL,NULL,NULL,1,111,204723,NULL,NULL,NULL,NULL,NULL,NULL,NULL,NULL,NULL,NULL,NULL,NULL,NULL,NULL,NULL,NULL,NULL,NULL,NULL,NULL,NULL,NULL,NULL,NULL,NULL,
3145,152 ELY-GLBR CB,No,Yes,Yes,Yes,106,107,Open,Open,0,Normal,0,1,NULL,NULL,NULL,NULL,NULL,NULL,NULL,NULL,NULL,NULL,NULL,NULL,NULL,200007314,No,NULL,Yes,NULL,NULL,NULL,1,111,180325,NULL,NULL,NULL,NULL,NULL,NULL,NULL,NULL,NULL,NULL,NULL,NULL,NULL,NULL,NULL,NULL,NULL,NULL,NULL,NULL,NULL,NULL,NULL,NULL,NULL,
3146,153,No,Yes,Yes,Yes,107,5,Closed,Closed,0,Isolator,0,1,NULL,NULL,NULL,NULL,NULL,NULL,NULL,NULL,NULL,NULL,NULL,NULL,NULL,NULL,No,NULL,Yes,NULL,NULL,NULL,1,111,204725,NULL,NULL,NULL,NULL,NULL,NULL,NULL,NULL,NULL,NULL,NULL,NULL,NULL,NULL,NULL,NULL,NULL,NULL,NULL,NULL,NULL,NULL,NULL,NULL,NULL,
3147,155 STA. POL,No,Yes,Yes,Yes,7,5,Closed,Closed,0,Isolator,0,1,NULL,NULL,NULL,NULL,NULL,NULL,NULL,NULL,NULL,NULL,NULL,NULL,NULL,NULL,No,NULL,Yes,NULL,NULL,NULL,1,111,204726,NULL,NULL,NULL,NULL,NULL,NULL,NULL,NULL,NULL,NULL,NULL,NULL,NULL,NULL,NULL,NULL,NULL,NULL,NULL,NULL,NULL,NULL,NULL,NULL,NULL,
3148,351,No,Yes,Yes,Yes,5,50,Open,Open,0,Isolator,0,1,NULL,NULL,NULL,NULL,NULL,NULL,NULL,NULL,NULL,NULL,NULL,NULL,NULL,NULL,No,NULL,Yes,NULL,NULL,NULL,1,111,204728,NULL,NULL,NULL,NULL,NULL,NULL,NULL,NULL,NULL,NULL,NULL,NULL,NULL,NULL,NULL,NULL,NULL,NULL,NULL,NULL,NULL,NULL,NULL,NULL,NULL,
3149,161,No,Yes,Yes,Yes,999,108,Closed,Closed,0,Isolator,0,1,NULL,NULL,NULL,NULL,NULL,NULL,NULL,NULL,NULL,NULL,NULL,NULL,NULL,NULL,No,NULL,Yes,NULL,NULL,NULL,1,111,204729,NULL,NULL,NULL,NULL,NULL,NULL,NULL,NULL,NULL,NULL,NULL,NULL,NULL,NULL,NULL,NULL,NULL,NULL,NULL,NULL,NULL,NULL,NULL,NULL,NULL,
3150,162 TELEGRPH CB,No,Yes,Yes,Yes,108,109,Closed,Closed,0,Normal,0,1,NULL,NULL,NULL,NULL,NULL,NULL,NULL,NULL,NULL,NULL,NULL,NULL,NULL,200007318,No,NULL,Yes,NULL,NULL,NULL,1,111,180314,NULL,NULL,NULL,NULL,NULL,NULL,NULL,NULL,NULL,NULL,NULL,NULL,NULL,NULL,NULL,NULL,NULL,NULL,NULL,NULL,NULL,NULL,NULL,NULL,NULL,
3151,163,No,Yes,Yes,Yes,109,6,Closed,Closed,0,Isolator,0,1,NULL,NULL,NULL,NULL,NULL,NULL,NULL,NULL,NULL,NULL,NULL,NULL,NULL,NULL,No,NULL,Yes,NULL,NULL,NULL,1,111,204731,NULL,NULL,NULL,NULL,NULL,NULL,NULL,NULL,NULL,NULL,NULL,NULL,NULL,NULL,NULL,NULL,NULL,NULL,NULL,NULL,NULL,NULL,NULL,NULL,NULL,
3152,361,No,Yes,Yes,Yes,6,50,Closed,Closed,0,Isolator,0,1,NULL,NULL,NULL,NULL,NULL,NULL,NULL,NULL,NULL,NULL,NULL,NULL,NULL,NULL,No,NULL,Yes,NULL,NULL,NULL,1,111,204733,NULL,NULL,NULL,NULL,NULL,NULL,NULL,NULL,NULL,NULL,NULL,NULL,NULL,NULL,NULL,NULL,NULL,NULL,NULL,NULL,NULL,NULL,NULL,NULL,NULL,
3153,346,No,Yes,Yes,Yes,4,900,Open,Open,0,Isolator,0,1,NULL,NULL,NULL,NULL,NULL,NULL,NULL,NULL,NULL,NULL,NULL,NULL,NULL,NULL,No,NULL,Yes,NULL,NULL,NULL,1,111,204721,NULL,NULL,NULL,NULL,NULL,NULL,NULL,NULL,NULL,NULL,NULL,NULL,NULL,NULL,NULL,NULL,NULL,NULL,NULL,NULL,NULL,NULL,NULL,NULL,NULL,
3154,111,No,Yes,Yes,Yes,999,100,Closed,Closed,0,Isolator,0,1,NULL,NULL,NULL,NULL,NULL,NULL,NULL,NULL,NULL,NULL,NULL,NULL,NULL,NULL,No,NULL,Yes,NULL,NULL,NULL,1,112,202857,NULL,NULL,NULL,NULL,NULL,NULL,NULL,NULL,NULL,NULL,NULL,NULL,NULL,NULL,NULL,NULL,NULL,NULL,NULL,NULL,NULL,NULL,NULL,NULL,NULL,
3155,112  OLINDA,No,Yes,Yes,Yes,100,101,Closed,Closed,0,Normal,0,1,NULL,NULL,NULL,NULL,NULL,NULL,NULL,NULL,NULL,NULL,NULL,NULL,NULL,200005225,No,NULL,Yes,NULL,NULL,NULL,1,112,141587,NULL,NULL,NULL,NULL,NULL,NULL,NULL,NULL,NULL,NULL,NULL,NULL,NULL,NULL,NULL,NULL,NULL,NULL,NULL,NULL,NULL,NULL,NULL,NULL,NULL,
3156,113,No,Yes,Yes,Yes,101,1,Closed,Closed,0,Isolator,0,1,NULL,NULL,NULL,NULL,NULL,NULL,NULL,NULL,NULL,NULL,NULL,NULL,NULL,NULL,No,NULL,Yes,NULL,NULL,NULL,1,112,202859,NULL,NULL,NULL,NULL,NULL,NULL,NULL,NULL,NULL,NULL,NULL,NULL,NULL,NULL,NULL,NULL,NULL,NULL,NULL,NULL,NULL,NULL,NULL,NULL,NULL,
3157,313,No,Yes,Yes,Yes,1,50,Closed,Closed,0,Isolator,0,1,NULL,NULL,NULL,NULL,NULL,NULL,NULL,NULL,NULL,NULL,NULL,NULL,NULL,NULL,No,NULL,Yes,NULL,NULL,NULL,1,112,202861,NULL,NULL,NULL,NULL,NULL,NULL,NULL,NULL,NULL,NULL,NULL,NULL,NULL,NULL,NULL,NULL,NULL,NULL,NULL,NULL,NULL,NULL,NULL,NULL,NULL,
3158,121,No,Yes,Yes,Yes,999,102,Closed,Closed,0,Isolator,0,1,NULL,NULL,NULL,NULL,NULL,NULL,NULL,NULL,NULL,NULL,NULL,NULL,NULL,NULL,No,NULL,Yes,NULL,NULL,NULL,1,112,202862,NULL,NULL,NULL,NULL,NULL,NULL,NULL,NULL,NULL,NULL,NULL,NULL,NULL,NULL,NULL,NULL,NULL,NULL,NULL,NULL,NULL,NULL,NULL,NULL,NULL,
3159,122  BK NO.1,No,Yes,Yes,Yes,102,103,Closed,Closed,0,Normal,0,1,NULL,NULL,NULL,NULL,NULL,NULL,NULL,NULL,NULL,NULL,NULL,NULL,NULL,200005223,No,NULL,Yes,NULL,NULL,NULL,1,112,141636,NULL,NULL,NULL,NULL,NULL,NULL,NULL,NULL,NULL,NULL,NULL,NULL,NULL,NULL,NULL,NULL,NULL,NULL,NULL,NULL,NULL,NULL,NULL,NULL,NULL,
3160,123,No,Yes,Yes,Yes,103,2,Closed,Closed,0,Isolator,0,1,NULL,NULL,NULL,NULL,NULL,NULL,NULL,NULL,NULL,NULL,NULL,NULL,NULL,NULL,No,NULL,Yes,NULL,NULL,NULL,1,112,202864,NULL,NULL,NULL,NULL,NULL,NULL,NULL,NULL,NULL,NULL,NULL,NULL,NULL,NULL,NULL,NULL,NULL,NULL,NULL,NULL,NULL,NULL,NULL,NULL,NULL,
3161,126TRNSF N N,No,Yes,Yes,Yes,2,800,Closed,Closed,0,Isolator,0,1,NULL,NULL,NULL,NULL,NULL,NULL,NULL,NULL,NULL,NULL,NULL,NULL,NULL,NULL,No,NULL,Yes,NULL,NULL,NULL,1,112,202865,NULL,NULL,NULL,NULL,NULL,NULL,NULL,NULL,NULL,NULL,NULL,NULL,NULL,NULL,NULL,NULL,NULL,NULL,NULL,NULL,NULL,NULL,NULL,NULL,NULL,
3162,326TRNSF S N,No,Yes,Yes,Yes,2,611,Closed,Closed,0,Isolator,0,1,NULL,NULL,NULL,NULL,NULL,NULL,NULL,NULL,NULL,NULL,NULL,NULL,NULL,NULL,No,NULL,Yes,NULL,NULL,NULL,1,112,202866,NULL,NULL,NULL,NULL,NULL,NULL,NULL,NULL,NULL,NULL,NULL,NULL,NULL,NULL,NULL,NULL,NULL,NULL,NULL,NULL,NULL,NULL,NULL,NULL,NULL,
3163,323,No,Yes,Yes,Yes,2,50,Open,Open,0,Isolator,0,1,NULL,NULL,NULL,NULL,NULL,NULL,NULL,NULL,NULL,NULL,NULL,NULL,NULL,NULL,No,NULL,Yes,NULL,NULL,NULL,1,112,202867,NULL,NULL,NULL,NULL,NULL,NULL,NULL,NULL,NULL,NULL,NULL,NULL,NULL,NULL,NULL,NULL,NULL,NULL,NULL,NULL,NULL,NULL,NULL,NULL,NULL,
3164,131,No,Yes,Yes,Yes,999,104,Closed,Closed,0,Isolator,0,1,NULL,NULL,NULL,NULL,NULL,NULL,NULL,NULL,NULL,NULL,NULL,NULL,NULL,NULL,No,NULL,Yes,NULL,NULL,NULL,1,112,202868,NULL,NULL,NULL,NULL,NULL,NULL,NULL,NULL,NULL,NULL,NULL,NULL,NULL,NULL,NULL,NULL,NULL,NULL,NULL,NULL,NULL,NULL,NULL,NULL,NULL,
3165,132 LA HBR-M,No,Yes,Yes,Yes,104,105,Closed,Closed,0,Normal,0,1,NULL,NULL,NULL,NULL,NULL,NULL,NULL,NULL,NULL,NULL,NULL,NULL,NULL,200005222,No,NULL,Yes,NULL,NULL,NULL,1,112,141599,NULL,NULL,NULL,NULL,NULL,NULL,NULL,NULL,NULL,NULL,NULL,NULL,NULL,NULL,NULL,NULL,NULL,NULL,NULL,NULL,NULL,NULL,NULL,NULL,NULL,
3166,133,No,Yes,Yes,Yes,105,3,Closed,Closed,0,Isolator,0,1,NULL,NULL,NULL,NULL,NULL,NULL,NULL,NULL,NULL,NULL,NULL,NULL,NULL,NULL,No,NULL,Yes,NULL,NULL,NULL,1,112,202870,NULL,NULL,NULL,NULL,NULL,NULL,NULL,NULL,NULL,NULL,NULL,NULL,NULL,NULL,NULL,NULL,NULL,NULL,NULL,NULL,NULL,NULL,NULL,NULL,NULL,
3167,333,No,Yes,Yes,Yes,3,50,Open,Open,0,Isolator,0,1,NULL,NULL,NULL,NULL,NULL,NULL,NULL,NULL,NULL,NULL,NULL,NULL,NULL,NULL,No,NULL,Yes,NULL,NULL,NULL,1,112,202872,NULL,NULL,NULL,NULL,NULL,NULL,NULL,NULL,NULL,NULL,NULL,NULL,NULL,NULL,NULL,NULL,NULL,NULL,NULL,NULL,NULL,NULL,NULL,NULL,NULL,
3168,141,No,Yes,Yes,Yes,999,106,Closed,Closed,0,Isolator,0,1,NULL,NULL,NULL,NULL,NULL,NULL,NULL,NULL,NULL,NULL,NULL,NULL,NULL,NULL,No,NULL,Yes,NULL,NULL,NULL,1,112,202874,NULL,NULL,NULL,NULL,NULL,NULL,NULL,NULL,NULL,NULL,NULL,NULL,NULL,NULL,NULL,NULL,NULL,NULL,NULL,NULL,NULL,NULL,NULL,NULL,NULL,
3169,142  BK NO.2,No,Yes,Yes,Yes,106,107,Closed,Closed,0,Normal,0,1,NULL,NULL,NULL,NULL,NULL,NULL,NULL,NULL,NULL,NULL,NULL,NULL,NULL,200005224,No,NULL,Yes,NULL,NULL,NULL,1,112,141659,NULL,NULL,NULL,NULL,NULL,NULL,NULL,NULL,NULL,NULL,NULL,NULL,NULL,NULL,NULL,NULL,NULL,NULL,NULL,NULL,NULL,NULL,NULL,NULL,NULL,
3170,143,No,Yes,Yes,Yes,107,4,Closed,Closed,0,Isolator,0,1,NULL,NULL,NULL,NULL,NULL,NULL,NULL,NULL,NULL,NULL,NULL,NULL,NULL,NULL,No,NULL,Yes,NULL,NULL,NULL,1,112,202876,NULL,NULL,NULL,NULL,NULL,NULL,NULL,NULL,NULL,NULL,NULL,NULL,NULL,NULL,NULL,NULL,NULL,NULL,NULL,NULL,NULL,NULL,NULL,NULL,NULL,
3171,146 TRNSF E DS,No,Yes,Yes,Yes,4,900,Closed,Closed,0,Isolator,0,1,NULL,NULL,NULL,NULL,NULL,NULL,NULL,NULL,NULL,NULL,NULL,NULL,NULL,NULL,No,NULL,Yes,NULL,NULL,NULL,1,112,202877,NULL,NULL,NULL,NULL,NULL,NULL,NULL,NULL,NULL,NULL,NULL,NULL,NULL,NULL,NULL,NULL,NULL,NULL,NULL,NULL,NULL,NULL,NULL,NULL,NULL,
3172,346TRNSF W DS,No,Yes,Yes,Yes,4,612,Closed,Closed,0,Isolator,0,1,NULL,NULL,NULL,NULL,NULL,NULL,NULL,NULL,NULL,NULL,NULL,NULL,NULL,NULL,No,NULL,Yes,NULL,NULL,NULL,1,112,202878,NULL,NULL,NULL,NULL,NULL,NULL,NULL,NULL,NULL,NULL,NULL,NULL,NULL,NULL,NULL,NULL,NULL,NULL,NULL,NULL,NULL,NULL,NULL,NULL,NULL,
3173,343,No,Yes,Yes,Yes,4,50,Open,Open,0,Isolator,0,1,NULL,NULL,NULL,NULL,NULL,NULL,NULL,NULL,NULL,NULL,NULL,NULL,NULL,NULL,No,NULL,Yes,NULL,NULL,NULL,1,112,202879,NULL,NULL,NULL,NULL,NULL,NULL,NULL,NULL,NULL,NULL,NULL,NULL,NULL,NULL,NULL,NULL,NULL,NULL,NULL,NULL,NULL,NULL,NULL,NULL,NULL,
3174,151,No,Yes,Yes,Yes,999,108,Closed,Closed,0,Isolator,0,1,NULL,NULL,NULL,NULL,NULL,NULL,NULL,NULL,NULL,NULL,NULL,NULL,NULL,NULL,No,NULL,Yes,NULL,NULL,NULL,1,112,202881,NULL,NULL,NULL,NULL,NULL,NULL,NULL,NULL,NULL,NULL,NULL,NULL,NULL,NULL,NULL,NULL,NULL,NULL,NULL,NULL,NULL,NULL,NULL,NULL,NULL,
3175,152 PARKWOOD,No,Yes,Yes,Yes,108,109,Closed,Closed,0,Normal,0,1,NULL,NULL,NULL,NULL,NULL,NULL,NULL,NULL,NULL,NULL,NULL,NULL,NULL,205681006,No,NULL,Yes,NULL,NULL,NULL,1,112,141611,NULL,NULL,NULL,NULL,NULL,NULL,NULL,NULL,NULL,NULL,NULL,NULL,NULL,NULL,NULL,NULL,NULL,NULL,NULL,NULL,NULL,NULL,NULL,NULL,NULL,
3176,153,No,Yes,Yes,Yes,109,5,Closed,Closed,0,Isolator,0,1,NULL,NULL,NULL,NULL,NULL,NULL,NULL,NULL,NULL,NULL,NULL,NULL,NULL,NULL,No,NULL,Yes,NULL,NULL,NULL,1,112,202883,NULL,NULL,NULL,NULL,NULL,NULL,NULL,NULL,NULL,NULL,NULL,NULL,NULL,NULL,NULL,NULL,NULL,NULL,NULL,NULL,NULL,NULL,NULL,NULL,NULL,
3177,353,No,Yes,Yes,Yes,5,50,Open,Open,0,Isolator,0,1,NULL,NULL,NULL,NULL,NULL,NULL,NULL,NULL,NULL,NULL,NULL,NULL,NULL,NULL,No,NULL,Yes,NULL,NULL,NULL,1,112,202885,NULL,NULL,NULL,NULL,NULL,NULL,NULL,NULL,NULL,NULL,NULL,NULL,NULL,NULL,NULL,NULL,NULL,NULL,NULL,NULL,NULL,NULL,NULL,NULL,NULL,
3178,161,No,Yes,Yes,Yes,999,110,Closed,Closed,0,Isolator,0,1,NULL,NULL,NULL,NULL,NULL,NULL,NULL,NULL,NULL,NULL,NULL,NULL,NULL,NULL,No,NULL,Yes,NULL,NULL,NULL,1,112,202886,NULL,NULL,NULL,NULL,NULL,NULL,NULL,NULL,NULL,NULL,NULL,NULL,NULL,NULL,NULL,NULL,NULL,NULL,NULL,NULL,NULL,NULL,NULL,NULL,NULL,
3179,162 CAR-MUR-PIO,No,Yes,Yes,Yes,110,111,Open,Open,0,Normal,0,1,NULL,NULL,NULL,NULL,NULL,NULL,NULL,NULL,NULL,NULL,NULL,NULL,NULL,205680995,No,NULL,Yes,NULL,NULL,NULL,1,112,141623,NULL,NULL,NULL,NULL,NULL,NULL,NULL,NULL,NULL,NULL,NULL,NULL,NULL,NULL,NULL,NULL,NULL,NULL,NULL,NULL,NULL,NULL,NULL,NULL,NULL,
3180,163,No,Yes,Yes,Yes,111,6,Closed,Closed,0,Isolator,0,1,NULL,NULL,NULL,NULL,NULL,NULL,NULL,NULL,NULL,NULL,NULL,NULL,NULL,NULL,No,NULL,Yes,NULL,NULL,NULL,1,112,202888,NULL,NULL,NULL,NULL,NULL,NULL,NULL,NULL,NULL,NULL,NULL,NULL,NULL,NULL,NULL,NULL,NULL,NULL,NULL,NULL,NULL,NULL,NULL,NULL,NULL,
3181,165,No,Yes,Yes,Yes,6,7,Closed,Closed,0,Isolator,0,1,NULL,NULL,NULL,NULL,NULL,NULL,NULL,NULL,NULL,NULL,NULL,NULL,NULL,NULL,No,NULL,Yes,NULL,NULL,NULL,1,112,202890,NULL,NULL,NULL,NULL,NULL,NULL,NULL,NULL,NULL,NULL,NULL,NULL,NULL,NULL,NULL,NULL,NULL,NULL,NULL,NULL,NULL,NULL,NULL,NULL,NULL,
3182,363,No,Yes,Yes,Yes,6,50,Open,Open,0,Isolator,0,1,NULL,NULL,NULL,NULL,NULL,NULL,NULL,NULL,NULL,NULL,NULL,NULL,NULL,NULL,No,NULL,Yes,NULL,NULL,NULL,1,112,202891,NULL,NULL,NULL,NULL,NULL,NULL,NULL,NULL,NULL,NULL,NULL,NULL,NULL,NULL,NULL,NULL,NULL,NULL,NULL,NULL,NULL,NULL,NULL,NULL,NULL,
3397,BK 2N ISO DISC,No,Yes,Yes,Yes,5,112,Closed,Closed,0,Isolator,0,1,NULL,NULL,NULL,NULL,NULL,NULL,NULL,NULL,NULL,NULL,NULL,NULL,NULL,NULL,No,NULL,Yes,NULL,NULL,NULL,1,106,3520,NULL,NULL,NULL,NULL,NULL,NULL,NULL,NULL,NULL,NULL,NULL,NULL,NULL,NULL,NULL,NULL,NULL,NULL,NULL,NULL,NULL,NULL,NULL,NULL,NULL,
3398,BK 2S ISO DISC,No,Yes,Yes,Yes,5,612,Closed,Closed,0,Isolator,0,1,NULL,NULL,NULL,NULL,NULL,NULL,NULL,NULL,NULL,NULL,NULL,NULL,NULL,NULL,No,NULL,Yes,NULL,NULL,NULL,1,106,3521,NULL,NULL,NULL,NULL,NULL,NULL,NULL,NULL,NULL,NULL,NULL,NULL,NULL,NULL,NULL,NULL,NULL,NULL,NULL,NULL,NULL,NULL,NULL,NULL,NULL,
22719,121,No,Yes,Yes,Yes,999,201,Closed,Closed,0,Isolator,0,1,NULL,NULL,NULL,NULL,NULL,NULL,NULL,NULL,NULL,NULL,NULL,NULL,NULL,NULL,No,NULL,Yes,NULL,NULL,NULL,1,105,275,NULL,NULL,NULL,NULL,NULL,NULL,NULL,NULL,NULL,NULL,NULL,NULL,NULL,NULL,NULL,NULL,NULL,NULL,NULL,NULL,NULL,NULL,NULL,NULL,NULL,
22720,122,No,Yes,Yes,Yes,201,202,Closed,Closed,0,Normal,0,1,NULL,NULL,NULL,NULL,NULL,NULL,NULL,NULL,NULL,NULL,NULL,NULL,NULL,205700539,No,NULL,Yes,NULL,NULL,NULL,1,105,272147,NULL,NULL,NULL,NULL,NULL,NULL,NULL,NULL,NULL,NULL,NULL,NULL,NULL,NULL,NULL,NULL,NULL,NULL,NULL,NULL,NULL,NULL,NULL,NULL,NULL,
22722,323,No,Yes,Yes,Yes,2,50,Open,Open,0,Isolator,0,1,NULL,NULL,NULL,NULL,NULL,NULL,NULL,NULL,NULL,NULL,NULL,NULL,NULL,NULL,No,NULL,Yes,NULL,NULL,NULL,1,105,277,NULL,NULL,NULL,NULL,NULL,NULL,NULL,NULL,NULL,NULL,NULL,NULL,NULL,NULL,NULL,NULL,NULL,NULL,NULL,NULL,NULL,NULL,NULL,NULL,NULL,
22723,BREA:1 BK N 66,No,Yes,Yes,Yes,2,614,Closed,Closed,0,Isolator,0,1,NULL,NULL,NULL,NULL,NULL,NULL,NULL,NULL,NULL,NULL,NULL,NULL,NULL,NULL,No,NULL,Yes,NULL,NULL,NULL,1,105,278,NULL,NULL,NULL,NULL,NULL,NULL,NULL,NULL,NULL,NULL,NULL,NULL,NULL,NULL,NULL,NULL,NULL,NULL,NULL,NULL,NULL,NULL,NULL,NULL,NULL,
22724,143,No,Yes,Yes,Yes,402,4,Closed,Closed,0,Isolator,0,1,NULL,NULL,NULL,NULL,NULL,NULL,NULL,NULL,NULL,NULL,NULL,NULL,NULL,NULL,No,NULL,Yes,NULL,NULL,NULL,1,105,117223,NULL,NULL,NULL,NULL,NULL,NULL,NULL,NULL,NULL,NULL,NULL,NULL,NULL,NULL,NULL,NULL,NULL,NULL,NULL,NULL,NULL,NULL,NULL,NULL,NULL,
22725,BROADROCK CB,No,Yes,Yes,Yes,401,402,Closed,Closed,0,Normal,0,1,NULL,NULL,NULL,NULL,NULL,NULL,NULL,NULL,NULL,NULL,NULL,NULL,NULL,200007177,No,NULL,Yes,NULL,NULL,NULL,1,105,11697,NULL,NULL,NULL,NULL,NULL,NULL,NULL,NULL,NULL,NULL,NULL,NULL,NULL,NULL,NULL,NULL,NULL,NULL,NULL,NULL,NULL,NULL,NULL,NULL,NULL,
22726,141,No,Yes,Yes,Yes,999,401,Closed,Closed,0,Isolator,0,1,NULL,NULL,NULL,NULL,NULL,NULL,NULL,NULL,NULL,NULL,NULL,NULL,NULL,NULL,No,NULL,Yes,NULL,NULL,NULL,1,105,117221,NULL,NULL,NULL,NULL,NULL,NULL,NULL,NULL,NULL,NULL,NULL,NULL,NULL,NULL,NULL,NULL,NULL,NULL,NULL,NULL,NULL,NULL,NULL,NULL,NULL,
22727,123,No,Yes,Yes,Yes,202,2,Closed,Closed,0,Isolator,0,1,NULL,NULL,NULL,NULL,NULL,NULL,NULL,NULL,NULL,NULL,NULL,NULL,NULL,NULL,No,NULL,Yes,NULL,NULL,NULL,1,105,276,NULL,NULL,NULL,NULL,NULL,NULL,NULL,NULL,NULL,NULL,NULL,NULL,NULL,NULL,NULL,NULL,NULL,NULL,NULL,NULL,NULL,NULL,NULL,NULL,NULL,
22728,HVS-1 DC,No,Yes,Yes,Yes,999,101,Closed,Closed,0,Isolator,0,1,NULL,NULL,NULL,NULL,NULL,NULL,NULL,NULL,NULL,NULL,NULL,NULL,NULL,NULL,No,NULL,Yes,NULL,NULL,NULL,1,1275,69,NULL,NULL,NULL,NULL,NULL,NULL,NULL,NULL,NULL,NULL,NULL,NULL,NULL,NULL,NULL,NULL,NULL,NULL,NULL,NULL,NULL,NULL,NULL,NULL,NULL,
22729,HVS-2 DC,No,Yes,Yes,Yes,101,102,Closed,Closed,0,Isolator,0,1,NULL,NULL,NULL,NULL,NULL,NULL,NULL,NULL,NULL,NULL,NULL,NULL,NULL,NULL,No,NULL,Yes,NULL,NULL,NULL,1,1275,70,NULL,NULL,NULL,NULL,NULL,NULL,NULL,NULL,NULL,NULL,NULL,NULL,NULL,NULL,NULL,NULL,NULL,NULL,NULL,NULL,NULL,NULL,NULL,NULL,NULL,
22730,BRODROCK:G CB 52,No,Yes,Yes,Yes,102,103,Closed,Closed,0,Normal,0,1,NULL,NULL,NULL,NULL,NULL,NULL,NULL,NULL,NULL,NULL,NULL,NULL,NULL,NULL,No,NULL,Yes,NULL,NULL,NULL,1,1275,271973,NULL,NULL,NULL,NULL,NULL,NULL,NULL,NULL,NULL,NULL,NULL,NULL,NULL,NULL,NULL,NULL,NULL,NULL,NULL,NULL,NULL,NULL,NULL,NULL,NULL,
22731,HVS-3 DC,No,Yes,Yes,Yes,103,104,Closed,Closed,0,Isolator,0,1,NULL,NULL,NULL,NULL,NULL,NULL,NULL,NULL,NULL,NULL,NULL,NULL,NULL,NULL,No,NULL,Yes,NULL,NULL,NULL,1,1275,71,NULL,NULL,NULL,NULL,NULL,NULL,NULL,NULL,NULL,NULL,NULL,NULL,NULL,NULL,NULL,NULL,NULL,NULL,NULL,NULL,NULL,NULL,NULL,NULL,NULL,
22747,VCB RACK-2,No,Yes,Yes,Yes,105,106,Closed,Closed,0,Normal,0,1,NULL,NULL,NULL,NULL,NULL,NULL,NULL,NULL,NULL,NULL,NULL,NULL,NULL,NULL,No,NULL,Yes,NULL,NULL,NULL,1,1276,73,NULL,NULL,NULL,NULL,NULL,NULL,NULL,NULL,NULL,NULL,NULL,NULL,NULL,NULL,NULL,NULL,NULL,NULL,NULL,NULL,NULL,NULL,NULL,NULL,NULL,
22778,131,No,Yes,Yes,Yes,999,107,Closed,Closed,0,Isolator,0,1,NULL,NULL,NULL,NULL,NULL,NULL,NULL,NULL,NULL,NULL,NULL,NULL,NULL,NULL,No,NULL,Yes,NULL,NULL,NULL,1,105,117220,NULL,NULL,NULL,NULL,NULL,NULL,NULL,NULL,NULL,NULL,NULL,NULL,NULL,NULL,NULL,NULL,NULL,NULL,NULL,NULL,NULL,NULL,NULL,NULL,NULL,
22779,333,No,Yes,Yes,Yes,3,50,Open,Open,0,Isolator,0,1,NULL,NULL,NULL,NULL,NULL,NULL,NULL,NULL,NULL,NULL,NULL,NULL,NULL,NULL,No,NULL,Yes,NULL,NULL,NULL,1,105,11693,NULL,NULL,NULL,NULL,NULL,NULL,NULL,NULL,NULL,NULL,NULL,NULL,NULL,NULL,NULL,NULL,NULL,NULL,NULL,NULL,NULL,NULL,NULL,NULL,NULL,
22782,VCB 52-1 CB-2,No,Yes,Yes,Yes,106,107,Closed,Closed,0,Normal,0,1,NULL,NULL,NULL,NULL,NULL,NULL,NULL,NULL,NULL,NULL,NULL,NULL,NULL,NULL,No,NULL,Yes,NULL,NULL,NULL,1,1276,271972,NULL,NULL,NULL,NULL,NULL,NULL,NULL,NULL,NULL,NULL,NULL,NULL,NULL,NULL,NULL,NULL,NULL,NULL,NULL,NULL,NULL,NULL,NULL,NULL,NULL,
22783,MVSG RACK,No,Yes,Yes,Yes,107,108,Closed,Closed,0,Isolator,0,1,NULL,NULL,NULL,NULL,NULL,NULL,NULL,NULL,NULL,NULL,NULL,NULL,NULL,NULL,No,NULL,Yes,NULL,NULL,NULL,1,1276,74,NULL,NULL,NULL,NULL,NULL,NULL,NULL,NULL,NULL,NULL,NULL,NULL,NULL,NULL,NULL,NULL,NULL,NULL,NULL,NULL,NULL,NULL,NULL,NULL,NULL,
22863,MVSG 52 CB-2,No,Yes,Yes,Yes,108,50,Closed,Closed,0,Normal,0,1,NULL,NULL,NULL,NULL,NULL,NULL,NULL,NULL,NULL,NULL,NULL,NULL,NULL,NULL,No,NULL,Yes,NULL,NULL,NULL,1,1276,271971,NULL,NULL,NULL,NULL,NULL,NULL,NULL,NULL,NULL,NULL,NULL,NULL,NULL,NULL,NULL,NULL,NULL,NULL,NULL,NULL,NULL,NULL,NULL,NULL,NULL,
22866,CTG1 RACK,No,Yes,Yes,Yes,50,51,Closed,Closed,0,Isolator,0,1,NULL,NULL,NULL,NULL,NULL,NULL,NULL,NULL,NULL,NULL,NULL,NULL,NULL,NULL,No,NULL,Yes,NULL,NULL,NULL,1,1276,75,NULL,NULL,NULL,NULL,NULL,NULL,NULL,NULL,NULL,NULL,NULL,NULL,NULL,NULL,NULL,NULL,NULL,NULL,NULL,NULL,NULL,NULL,NULL,NULL,NULL,
22868,CTG2 RACK,No,Yes,Yes,Yes,50,52,Closed,Closed,0,Isolator,0,1,NULL,NULL,NULL,NULL,NULL,NULL,NULL,NULL,NULL,NULL,NULL,NULL,NULL,NULL,No,NULL,Yes,NULL,NULL,NULL,1,1276,76,NULL,NULL,NULL,NULL,NULL,NULL,NULL,NULL,NULL,NULL,NULL,NULL,NULL,NULL,NULL,NULL,NULL,NULL,NULL,NULL,NULL,NULL,NULL,NULL,NULL,
22869,CTG3 RACK,No,Yes,Yes,Yes,50,53,Closed,Closed,0,Isolator,0,1,NULL,NULL,NULL,NULL,NULL,NULL,NULL,NULL,NULL,NULL,NULL,NULL,NULL,NULL,No,NULL,Yes,NULL,NULL,NULL,1,1276,77,NULL,NULL,NULL,NULL,NULL,NULL,NULL,NULL,NULL,NULL,NULL,NULL,NULL,NULL,NULL,NULL,NULL,NULL,NULL,NULL,NULL,NULL,NULL,NULL,NULL,
22870,CTG4 RACK,No,Yes,Yes,Yes,50,54,Closed,Closed,0,Isolator,0,1,NULL,NULL,NULL,NULL,NULL,NULL,NULL,NULL,NULL,NULL,NULL,NULL,NULL,NULL,No,NULL,Yes,NULL,NULL,NULL,1,1276,78,NULL,NULL,NULL,NULL,NULL,NULL,NULL,NULL,NULL,NULL,NULL,NULL,NULL,NULL,NULL,NULL,NULL,NULL,NULL,NULL,NULL,NULL,NULL,NULL,NULL,
22871,STG RACK,No,Yes,Yes,Yes,50,55,Closed,Closed,0,Isolator,0,1,NULL,NULL,NULL,NULL,NULL,NULL,NULL,NULL,NULL,NULL,NULL,NULL,NULL,NULL,No,NULL,Yes,NULL,NULL,NULL,1,1276,79,NULL,NULL,NULL,NULL,NULL,NULL,NULL,NULL,NULL,NULL,NULL,NULL,NULL,NULL,NULL,NULL,NULL,NULL,NULL,NULL,NULL,NULL,NULL,NULL,NULL,
22872,STG CB 52,No,Yes,Yes,Yes,55,60,Closed,Closed,0,Normal,0,1,NULL,NULL,NULL,NULL,NULL,NULL,NULL,NULL,NULL,NULL,NULL,NULL,NULL,NULL,No,NULL,Yes,NULL,NULL,NULL,1,1276,271970,NULL,NULL,NULL,NULL,NULL,NULL,NULL,NULL,NULL,NULL,NULL,NULL,NULL,NULL,NULL,NULL,NULL,NULL,NULL,NULL,NULL,NULL,NULL,NULL,NULL,
22874,CTG4 CB 52,No,Yes,Yes,Yes,54,59,Closed,Closed,0,Normal,0,1,NULL,NULL,NULL,NULL,NULL,NULL,NULL,NULL,NULL,NULL,NULL,NULL,NULL,NULL,No,NULL,Yes,NULL,NULL,NULL,1,1276,271969,NULL,NULL,NULL,NULL,NULL,NULL,NULL,NULL,NULL,NULL,NULL,NULL,NULL,NULL,NULL,NULL,NULL,NULL,NULL,NULL,NULL,NULL,NULL,NULL,NULL,
22875,CTG3 CB 52,No,Yes,Yes,Yes,53,58,Closed,Closed,0,Normal,0,1,NULL,NULL,NULL,NULL,NULL,NULL,NULL,NULL,NULL,NULL,NULL,NULL,NULL,NULL,No,NULL,Yes,NULL,NULL,NULL,1,1276,271968,NULL,NULL,NULL,NULL,NULL,NULL,NULL,NULL,NULL,NULL,NULL,NULL,NULL,NULL,NULL,NULL,NULL,NULL,NULL,NULL,NULL,NULL,NULL,NULL,NULL,
22876,CTG2 CB 52,No,Yes,Yes,Yes,52,57,Closed,Closed,0,Normal,0,1,NULL,NULL,NULL,NULL,NULL,NULL,NULL,NULL,NULL,NULL,NULL,NULL,NULL,NULL,No,NULL,Yes,NULL,NULL,NULL,1,1276,271967,NULL,NULL,NULL,NULL,NULL,NULL,NULL,NULL,NULL,NULL,NULL,NULL,NULL,NULL,NULL,NULL,NULL,NULL,NULL,NULL,NULL,NULL,NULL,NULL,NULL,
22877,CTG1 CB 52,No,Yes,Yes,Yes,51,56,Closed,Closed,0,Normal,0,1,NULL,NULL,NULL,NULL,NULL,NULL,NULL,NULL,NULL,NULL,NULL,NULL,NULL,NULL,No,NULL,Yes,NULL,NULL,NULL,1,1276,271966,NULL,NULL,NULL,NULL,NULL,NULL,NULL,NULL,NULL,NULL,NULL,NULL,NULL,NULL,NULL,NULL,NULL,NULL,NULL,NULL,NULL,NULL,NULL,NULL,NULL,
29410,BK.7 E DISC,No,Yes,Yes,Yes,5,800,Closed,Closed,0,Isolator,0,1,NULL,NULL,NULL,NULL,NULL,NULL,NULL,NULL,NULL,NULL,NULL,NULL,NULL,NULL,No,NULL,Yes,NULL,NULL,NULL,1,103,187917,NULL,NULL,NULL,NULL,NULL,NULL,NULL,NULL,NULL,NULL,NULL,NULL,NULL,NULL,NULL,NULL,NULL,NULL,NULL,NULL,NULL,NULL,NULL,NULL,NULL,
29728,BK.1 W DISC,No,Yes,Yes,Yes,2,120,Closed,Closed,0,Isolator,0,1,NULL,NULL,NULL,NULL,NULL,NULL,NULL,NULL,NULL,NULL,NULL,NULL,NULL,NULL,No,NULL,Yes,NULL,NULL,NULL,1,111,204718,NULL,NULL,NULL,NULL,NULL,NULL,NULL,NULL,NULL,NULL,NULL,NULL,NULL,NULL,NULL,NULL,NULL,NULL,NULL,NULL,NULL,NULL,NULL,NULL,NULL,
29729,BK.1 E DISC,No,Yes,Yes,Yes,2,611,Closed,Closed,0,Isolator,0,1,NULL,NULL,NULL,NULL,NULL,NULL,NULL,NULL,NULL,NULL,NULL,NULL,NULL,NULL,No,NULL,Yes,NULL,NULL,NULL,1,111,204709,NULL,NULL,NULL,NULL,NULL,NULL,NULL,NULL,NULL,NULL,NULL,NULL,NULL,NULL,NULL,NULL,NULL,NULL,NULL,NULL,NULL,NULL,NULL,NULL,NULL,
30406,NO.2 66KV CAPACITOR CB,No,No,No,Yes,143,18,Closed,Closed,0,Normal,0,1,NULL,NULL,NULL,NULL,NULL,NULL,NULL,NULL,NULL,NULL,NULL,NULL,NULL,207086168,No,NULL,Yes,NULL,NULL,NULL,1,103,110135,NULL,NULL,NULL,NULL,NULL,NULL,NULL,NULL,NULL,NULL,NULL,NULL,NULL,NULL,NULL,NULL,NULL,NULL,NULL,NULL,NULL,NULL,NULL,NULL,NULL,
30407,NO.3 66KV CAPACITOR CB,No,No,No,Yes,68,139,Closed,Closed,0,Normal,0,1,NULL,NULL,NULL,NULL,NULL,NULL,NULL,NULL,NULL,NULL,NULL,NULL,NULL,207086170,No,NULL,Yes,NULL,NULL,NULL,1,103,110136,NULL,NULL,NULL,NULL,NULL,NULL,NULL,NULL,NULL,NULL,NULL,NULL,NULL,NULL,NULL,NULL,NULL,NULL,NULL,NULL,NULL,NULL,NULL,NULL,NULL,
30408,NO.5 66KV CAPACITOR CB,No,No,No,Yes,141,144,Closed,Closed,0,Normal,0,1,NULL,NULL,NULL,NULL,NULL,NULL,NULL,NULL,NULL,NULL,NULL,NULL,NULL,205586525,No,NULL,Yes,NULL,NULL,NULL,1,103,87078,NULL,NULL,NULL,NULL,NULL,NULL,NULL,NULL,NULL,NULL,NULL,NULL,NULL,NULL,NULL,NULL,NULL,NULL,NULL,NULL,NULL,NULL,NULL,NULL,NULL,
34714,NO.2 BK W 12K ISO DSC,No,Yes,Yes,Yes,706,57,Closed,Closed,0,Isolator,0,1,NULL,NULL,NULL,NULL,NULL,NULL,NULL,NULL,NULL,NULL,NULL,NULL,NULL,NULL,No,NULL,Yes,NULL,NULL,NULL,1,3492,20977,NULL,NULL,NULL,NULL,NULL,NULL,NULL,NULL,NULL,NULL,NULL,NULL,NULL,NULL,NULL,NULL,NULL,NULL,NULL,NULL,NULL,NULL,NULL,NULL,NULL,
39578,NO.1 CAPACITOR CB,No,No,Yes,No,600,610,Closed,Closed,0,Normal,0,1,NULL,NULL,NULL,NULL,NULL,NULL,NULL,NULL,NULL,NULL,NULL,NULL,NULL,NULL,No,NULL,Yes,NULL,NULL,NULL,NULL,3494,NULL,NULL,NULL,NULL,NULL,NULL,NULL,NULL,NULL,NULL,NULL,NULL,NULL,NULL,NULL,NULL,NULL,NULL,NULL,NULL,NULL,NULL,NULL,NULL,NULL,NULL,
39579,NO.1 CAPACITOR CB,No,No,No,Yes,620,610,Closed,Closed,0,Normal,0,1,NULL,NULL,NULL,NULL,NULL,NULL,NULL,NULL,NULL,NULL,NULL,NULL,NULL,NULL,No,NULL,Yes,NULL,NULL,NULL,1,3494,141682,NULL,NULL,NULL,NULL,NULL,NULL,NULL,NULL,NULL,NULL,NULL,NULL,NULL,NULL,NULL,NULL,NULL,NULL,NULL,NULL,NULL,NULL,NULL,NULL,NULL,
39580,NO.2 CAPACITOR CB,No,No,Yes,No,603,613,Closed,Closed,0,Normal,0,1,NULL,NULL,NULL,NULL,NULL,NULL,NULL,NULL,NULL,NULL,NULL,NULL,NULL,NULL,No,NULL,Yes,NULL,NULL,NULL,NULL,3494,NULL,NULL,NULL,NULL,NULL,NULL,NULL,NULL,NULL,NULL,NULL,NULL,NULL,NULL,NULL,NULL,NULL,NULL,NULL,NULL,NULL,NULL,NULL,NULL,NULL,NULL,
39581,NO.2 CAPACITOR CB,No,No,No,Yes,623,613,Closed,Closed,0,Normal,0,1,NULL,NULL,NULL,NULL,NULL,NULL,NULL,NULL,NULL,NULL,NULL,NULL,NULL,NULL,No,NULL,Yes,NULL,NULL,NULL,1,3494,141690,NULL,NULL,NULL,NULL,NULL,NULL,NULL,NULL,NULL,NULL,NULL,NULL,NULL,NULL,NULL,NULL,NULL,NULL,NULL,NULL,NULL,NULL,NULL,NULL,NULL,
39582,NO.3 CAPACITOR CB,No,No,Yes,No,601,611,Closed,Closed,0,Normal,0,1,NULL,NULL,NULL,NULL,NULL,NULL,NULL,NULL,NULL,NULL,NULL,NULL,NULL,NULL,No,NULL,Yes,NULL,NULL,NULL,NULL,3494,NULL,NULL,NULL,NULL,NULL,NULL,NULL,NULL,NULL,NULL,NULL,NULL,NULL,NULL,NULL,NULL,NULL,NULL,NULL,NULL,NULL,NULL,NULL,NULL,NULL,NULL,
39583,NO.3 CAPACITOR CB,No,No,No,Yes,621,611,Closed,Closed,0,Normal,0,1,NULL,NULL,NULL,NULL,NULL,NULL,NULL,NULL,NULL,NULL,NULL,NULL,NULL,NULL,No,NULL,Yes,NULL,NULL,NULL,1,3494,273054,NULL,NULL,NULL,NULL,NULL,NULL,NULL,NULL,NULL,NULL,NULL,NULL,NULL,NULL,NULL,NULL,NULL,NULL,NULL,NULL,NULL,NULL,NULL,NULL,NULL,
39584,NO.4 CAPACITOR CB,No,No,Yes,No,602,612,Closed,Closed,0,Normal,0,1,NULL,NULL,NULL,NULL,NULL,NULL,NULL,NULL,NULL,NULL,NULL,NULL,NULL,NULL,No,NULL,Yes,NULL,NULL,NULL,NULL,3494,NULL,NULL,NULL,NULL,NULL,NULL,NULL,NULL,NULL,NULL,NULL,NULL,NULL,NULL,NULL,NULL,NULL,NULL,NULL,NULL,NULL,NULL,NULL,NULL,NULL,NULL,
39585,NO.4 CAPACITOR CB,No,No,No,Yes,622,612,Closed,Closed,0,Normal,0,1,NULL,NULL,NULL,NULL,NULL,NULL,NULL,NULL,NULL,NULL,NULL,NULL,NULL,NULL,No,NULL,Yes,NULL,NULL,NULL,1,3494,273061,NULL,NULL,NULL,NULL,NULL,NULL,NULL,NULL,NULL,NULL,NULL,NULL,NULL,NULL,NULL,NULL,NULL,NULL,NULL,NULL,NULL,NULL,NULL,NULL,NULL,
42339,NO.1 12KV CAPACITOR CB,No,No,No,Yes,611,612,Closed,Closed,0,Normal,0,1,NULL,NULL,NULL,NULL,NULL,NULL,NULL,NULL,NULL,NULL,NULL,NULL,NULL,205699864,No,NULL,Yes,NULL,NULL,NULL,1,3464,196127,NULL,NULL,NULL,NULL,NULL,NULL,NULL,NULL,NULL,NULL,NULL,NULL,NULL,NULL,NULL,NULL,NULL,NULL,NULL,NULL,NULL,NULL,NULL,NULL,NULL,
42340,NO.2 12KV CAPACITOR CB,No,No,No,Yes,621,622,Closed,Closed,0,Normal,0,1,NULL,NULL,NULL,NULL,NULL,NULL,NULL,NULL,NULL,NULL,NULL,NULL,NULL,205699863,No,NULL,Yes,NULL,NULL,NULL,1,3464,272175,NULL,NULL,NULL,NULL,NULL,NULL,NULL,NULL,NULL,NULL,NULL,NULL,NULL,NULL,NULL,NULL,NULL,NULL,NULL,NULL,NULL,NULL,NULL,NULL,NULL,
42394,NO.1 12KV CAPACITOR CB,No,No,Yes,No,600,132,Closed,Closed,0,Normal,0,1,NULL,NULL,NULL,NULL,NULL,NULL,NULL,NULL,NULL,NULL,NULL,NULL,NULL,206745279,No,NULL,Yes,NULL,NULL,NULL,1,3466,NULL,NULL,NULL,NULL,NULL,NULL,NULL,NULL,NULL,NULL,NULL,NULL,NULL,NULL,NULL,NULL,NULL,NULL,NULL,NULL,NULL,NULL,NULL,NULL,NULL,NULL,
42395,NO.1 12KV CAPACITOR CB,No,No,No,Yes,600,132,Closed,Closed,0,Normal,0,1,NULL,NULL,NULL,NULL,NULL,NULL,NULL,NULL,NULL,NULL,NULL,NULL,NULL,206745279,No,NULL,Yes,NULL,NULL,NULL,1,3466,178470,NULL,NULL,NULL,NULL,NULL,NULL,NULL,NULL,NULL,NULL,NULL,NULL,NULL,NULL,NULL,NULL,NULL,NULL,NULL,NULL,NULL,NULL,NULL,NULL,NULL,
42629,NO.2 12KV CAPACITOR SW,No,No,Yes,No,602,133,Closed,Closed,0,Normal,0,1,NULL,NULL,NULL,NULL,NULL,NULL,NULL,NULL,NULL,NULL,NULL,NULL,NULL,NULL,No,NULL,Yes,NULL,NULL,NULL,1,3466,NULL,NULL,NULL,NULL,NULL,NULL,NULL,NULL,NULL,NULL,NULL,NULL,NULL,NULL,NULL,NULL,NULL,NULL,NULL,NULL,NULL,NULL,NULL,NULL,NULL,NULL,
42630,NO.2 12KV CAPACITOR SW,No,No,No,Yes,602,133,Closed,Closed,0,Normal,0,1,NULL,NULL,NULL,NULL,NULL,NULL,NULL,NULL,NULL,NULL,NULL,NULL,NULL,NULL,No,NULL,Yes,NULL,NULL,NULL,1,3466,178478,NULL,NULL,NULL,NULL,NULL,NULL,NULL,NULL,NULL,NULL,NULL,NULL,NULL,NULL,NULL,NULL,NULL,NULL,NULL,NULL,NULL,NULL,NULL,NULL,NULL,
43438,NO.2 BANK 12KV LN DISC,No,No,Yes,Yes,119,16,Closed,Closed,0,Isolator,0,1,NULL,NULL,NULL,NULL,NULL,NULL,NULL,NULL,NULL,NULL,NULL,NULL,NULL,NULL,No,NULL,Yes,NULL,NULL,NULL,1,3464,186188,NULL,NULL,NULL,NULL,NULL,NULL,NULL,NULL,NULL,NULL,NULL,NULL,NULL,NULL,NULL,NULL,NULL,NULL,NULL,NULL,NULL,NULL,NULL,NULL,NULL,
43439,NO.2 BANK 12KV TB DISC,No,No,Yes,Yes,16,50,Open,Open,0,Isolator,0,1,NULL,NULL,NULL,NULL,NULL,NULL,NULL,NULL,NULL,NULL,NULL,NULL,NULL,NULL,No,NULL,Yes,NULL,NULL,NULL,1,3464,186189,NULL,NULL,NULL,NULL,NULL,NULL,NULL,NULL,NULL,NULL,NULL,NULL,NULL,NULL,NULL,NULL,NULL,NULL,NULL,NULL,NULL,NULL,NULL,NULL,NULL,
43440,BUS PARALLEL 12KV OB DISC,No,No,Yes,Yes,997,120,Closed,Closed,0,Isolator,0,1,NULL,NULL,NULL,NULL,NULL,NULL,NULL,NULL,NULL,NULL,NULL,NULL,NULL,NULL,No,NULL,Yes,NULL,NULL,NULL,1,3464,23187,NULL,NULL,NULL,NULL,NULL,NULL,NULL,NULL,NULL,NULL,NULL,NULL,NULL,NULL,NULL,NULL,NULL,NULL,NULL,NULL,NULL,NULL,NULL,NULL,NULL,
43441,BUS PARALLEL 12KV CB,No,No,Yes,Yes,120,121,Open,Open,0,Normal,0,1,NULL,NULL,NULL,NULL,NULL,NULL,NULL,NULL,NULL,NULL,NULL,NULL,NULL,205699865,No,NULL,Yes,NULL,NULL,NULL,1,3464,272170,NULL,NULL,NULL,NULL,NULL,NULL,NULL,NULL,NULL,NULL,NULL,NULL,NULL,NULL,NULL,NULL,NULL,NULL,NULL,NULL,NULL,NULL,NULL,NULL,NULL,
43442,BUS PARALLEL 12KV IB DISC,No,No,Yes,Yes,121,498,Closed,Closed,0,Isolator,0,1,NULL,NULL,NULL,NULL,NULL,NULL,NULL,NULL,NULL,NULL,NULL,NULL,NULL,NULL,No,NULL,Yes,NULL,NULL,NULL,1,3464,23188,NULL,NULL,NULL,NULL,NULL,NULL,NULL,NULL,NULL,NULL,NULL,NULL,NULL,NULL,NULL,NULL,NULL,NULL,NULL,NULL,NULL,NULL,NULL,NULL,NULL,
43443,CABO 12KV OB DISC,No,No,Yes,Yes,997,122,Open,Open,0,Isolator,0,1,NULL,NULL,NULL,NULL,NULL,NULL,NULL,NULL,NULL,NULL,NULL,NULL,NULL,NULL,No,NULL,Yes,NULL,NULL,NULL,1,3464,23189,NULL,NULL,NULL,NULL,NULL,NULL,NULL,NULL,NULL,NULL,NULL,NULL,NULL,NULL,NULL,NULL,NULL,NULL,NULL,NULL,NULL,NULL,NULL,NULL,NULL,
43444,CABO 12KV IB DISC,No,No,Yes,Yes,122,498,Closed,Closed,0,Isolator,0,1,NULL,NULL,NULL,NULL,NULL,NULL,NULL,NULL,NULL,NULL,NULL,NULL,NULL,NULL,No,NULL,Yes,NULL,NULL,NULL,1,3464,23190,NULL,NULL,NULL,NULL,NULL,NULL,NULL,NULL,NULL,NULL,NULL,NULL,NULL,NULL,NULL,NULL,NULL,NULL,NULL,NULL,NULL,NULL,NULL,NULL,NULL,
43445,CABO 12KV CB,No,No,Yes,Yes,122,123,Closed,Closed,0,Normal,0,1,NULL,NULL,NULL,NULL,NULL,NULL,NULL,NULL,NULL,NULL,NULL,NULL,NULL,207085004,No,NULL,Yes,NULL,NULL,NULL,1,3464,282487,NULL,NULL,NULL,NULL,NULL,NULL,NULL,NULL,NULL,NULL,NULL,NULL,NULL,NULL,NULL,NULL,NULL,NULL,NULL,NULL,NULL,NULL,NULL,NULL,NULL,
43446,CABO 12KV LN DISC,No,No,Yes,Yes,123,66,Closed,Closed,0,Isolator,0,1,NULL,NULL,NULL,NULL,NULL,NULL,NULL,NULL,NULL,NULL,NULL,NULL,NULL,NULL,No,NULL,Yes,NULL,NULL,NULL,1,3464,23203,NULL,NULL,NULL,NULL,NULL,NULL,NULL,NULL,NULL,NULL,NULL,NULL,NULL,NULL,NULL,NULL,NULL,NULL,NULL,NULL,NULL,NULL,NULL,NULL,NULL,
43447,CABO 12KV TB DISC,No,No,Yes,Yes,66,50,Open,Open,0,Isolator,0,1,NULL,NULL,NULL,NULL,NULL,NULL,NULL,NULL,NULL,NULL,NULL,NULL,NULL,NULL,No,NULL,Yes,NULL,NULL,NULL,1,3464,23204,NULL,NULL,NULL,NULL,NULL,NULL,NULL,NULL,NULL,NULL,NULL,NULL,NULL,NULL,NULL,NULL,NULL,NULL,NULL,NULL,NULL,NULL,NULL,NULL,NULL,
43448,15B 16KV OB DISC,No,No,Yes,Yes,997,124,Open,Open,0,Isolator,0,1,NULL,NULL,NULL,NULL,NULL,NULL,NULL,NULL,NULL,NULL,NULL,NULL,NULL,NULL,No,NULL,Yes,NULL,NULL,NULL,1,3464,23191,NULL,NULL,NULL,NULL,NULL,NULL,NULL,NULL,NULL,NULL,NULL,NULL,NULL,NULL,NULL,NULL,NULL,NULL,NULL,NULL,NULL,NULL,NULL,NULL,NULL,
43449,15B 16KV IB DISC,No,No,Yes,Yes,124,498,Closed,Closed,0,Isolator,0,1,NULL,NULL,NULL,NULL,NULL,NULL,NULL,NULL,NULL,NULL,NULL,NULL,NULL,NULL,No,NULL,Yes,NULL,NULL,NULL,1,3464,23192,NULL,NULL,NULL,NULL,NULL,NULL,NULL,NULL,NULL,NULL,NULL,NULL,NULL,NULL,NULL,NULL,NULL,NULL,NULL,NULL,NULL,NULL,NULL,NULL,NULL,
43450,14B 16KV OB DISC,No,No,Yes,Yes,997,125,Open,Open,0,Isolator,0,1,NULL,NULL,NULL,NULL,NULL,NULL,NULL,NULL,NULL,NULL,NULL,NULL,NULL,NULL,No,NULL,Yes,NULL,NULL,NULL,1,3464,23193,NULL,NULL,NULL,NULL,NULL,NULL,NULL,NULL,NULL,NULL,NULL,NULL,NULL,NULL,NULL,NULL,NULL,NULL,NULL,NULL,NULL,NULL,NULL,NULL,NULL,
43451,14B 16KV IB DISC,No,No,Yes,Yes,125,498,Closed,Closed,0,Isolator,0,1,NULL,NULL,NULL,NULL,NULL,NULL,NULL,NULL,NULL,NULL,NULL,NULL,NULL,NULL,No,NULL,Yes,NULL,NULL,NULL,1,3464,23194,NULL,NULL,NULL,NULL,NULL,NULL,NULL,NULL,NULL,NULL,NULL,NULL,NULL,NULL,NULL,NULL,NULL,NULL,NULL,NULL,NULL,NULL,NULL,NULL,NULL,
43452,13B 16KV OB DISC,No,No,Yes,Yes,997,126,Open,Open,0,Isolator,0,1,NULL,NULL,NULL,NULL,NULL,NULL,NULL,NULL,NULL,NULL,NULL,NULL,NULL,NULL,No,NULL,Yes,NULL,NULL,NULL,1,3464,23195,NULL,NULL,NULL,NULL,NULL,NULL,NULL,NULL,NULL,NULL,NULL,NULL,NULL,NULL,NULL,NULL,NULL,NULL,NULL,NULL,NULL,NULL,NULL,NULL,NULL,
43453,13B 16KV IB DISC,No,No,Yes,Yes,126,498,Closed,Closed,0,Isolator,0,1,NULL,NULL,NULL,NULL,NULL,NULL,NULL,NULL,NULL,NULL,NULL,NULL,NULL,NULL,No,NULL,Yes,NULL,NULL,NULL,1,3464,23196,NULL,NULL,NULL,NULL,NULL,NULL,NULL,NULL,NULL,NULL,NULL,NULL,NULL,NULL,NULL,NULL,NULL,NULL,NULL,NULL,NULL,NULL,NULL,NULL,NULL,
43454,BS34,No,No,Yes,Yes,997,996,Closed,Closed,0,Isolator,0,1,NULL,NULL,NULL,NULL,NULL,NULL,NULL,NULL,NULL,NULL,NULL,NULL,NULL,NULL,No,NULL,Yes,NULL,NULL,NULL,1,3464,23199,NULL,NULL,NULL,NULL,NULL,NULL,NULL,NULL,NULL,NULL,NULL,NULL,NULL,NULL,NULL,NULL,NULL,NULL,NULL,NULL,NULL,NULL,NULL,NULL,NULL,
43455,BS34,No,No,Yes,Yes,498,497,Closed,Closed,0,Isolator,0,1,NULL,NULL,NULL,NULL,NULL,NULL,NULL,NULL,NULL,NULL,NULL,NULL,NULL,NULL,No,NULL,Yes,NULL,NULL,NULL,1,3464,23200,NULL,NULL,NULL,NULL,NULL,NULL,NULL,NULL,NULL,NULL,NULL,NULL,NULL,NULL,NULL,NULL,NULL,NULL,NULL,NULL,NULL,NULL,NULL,NULL,NULL,
43456,BUS TIE D SECTION 12KV OB DISC,No,No,Yes,Yes,996,127,Open,Open,0,Isolator,0,1,NULL,NULL,NULL,NULL,NULL,NULL,NULL,NULL,NULL,NULL,NULL,NULL,NULL,NULL,No,NULL,Yes,NULL,NULL,NULL,1,3464,23197,NULL,NULL,NULL,NULL,NULL,NULL,NULL,NULL,NULL,NULL,NULL,NULL,NULL,NULL,NULL,NULL,NULL,NULL,NULL,NULL,NULL,NULL,NULL,NULL,NULL,
43457,BUS TIE D SECTION 12KV IB DISC,No,No,Yes,Yes,127,497,Closed,Closed,0,Isolator,0,1,NULL,NULL,NULL,NULL,NULL,NULL,NULL,NULL,NULL,NULL,NULL,NULL,NULL,NULL,No,NULL,Yes,NULL,NULL,NULL,1,3464,23198,NULL,NULL,NULL,NULL,NULL,NULL,NULL,NULL,NULL,NULL,NULL,NULL,NULL,NULL,NULL,NULL,NULL,NULL,NULL,NULL,NULL,NULL,NULL,NULL,NULL,
43458,BUS TIE D SECTION 12KV LN DISC,No,No,Yes,Yes,127,128,Closed,Closed,0,Isolator,0,1,NULL,NULL,NULL,NULL,NULL,NULL,NULL,NULL,NULL,NULL,NULL,NULL,NULL,NULL,No,NULL,Yes,NULL,NULL,NULL,1,3464,23201,NULL,NULL,NULL,NULL,NULL,NULL,NULL,NULL,NULL,NULL,NULL,NULL,NULL,NULL,NULL,NULL,NULL,NULL,NULL,NULL,NULL,NULL,NULL,NULL,NULL,
43459,BUS TIE D SECTION 12KV CB,No,No,Yes,Yes,128,62,Open,Open,0,Normal,0,1,NULL,NULL,NULL,NULL,NULL,NULL,NULL,NULL,NULL,NULL,NULL,NULL,NULL,207086984,No,NULL,Yes,NULL,NULL,NULL,1,3464,282495,NULL,NULL,NULL,NULL,NULL,NULL,NULL,NULL,NULL,NULL,NULL,NULL,NULL,NULL,NULL,NULL,NULL,NULL,NULL,NULL,NULL,NULL,NULL,NULL,NULL,
43460,BUS TIE D SECTION 12KV TB DISC,No,No,Yes,Yes,62,50,Closed,Closed,0,Isolator,0,1,NULL,NULL,NULL,NULL,NULL,NULL,NULL,NULL,NULL,NULL,NULL,NULL,NULL,NULL,No,NULL,Yes,NULL,NULL,NULL,1,3464,23202,NULL,NULL,NULL,NULL,NULL,NULL,NULL,NULL,NULL,NULL,NULL,NULL,NULL,NULL,NULL,NULL,NULL,NULL,NULL,NULL,NULL,NULL,NULL,NULL,NULL,
43461,NO.1 12KV CAPACITOR CB,No,No,Yes,No,611,612,Closed,Closed,0,Normal,0,1,NULL,NULL,NULL,NULL,NULL,NULL,NULL,NULL,NULL,NULL,NULL,NULL,NULL,205699864,No,NULL,Yes,NULL,NULL,NULL,1,3464,NULL,NULL,NULL,NULL,NULL,NULL,NULL,NULL,NULL,NULL,NULL,NULL,NULL,NULL,NULL,NULL,NULL,NULL,NULL,NULL,NULL,NULL,NULL,NULL,NULL,NULL,
43462,NO.2 12KV CAPACITOR CB,No,No,Yes,No,621,622,Closed,Closed,0,Normal,0,1,NULL,NULL,NULL,NULL,NULL,NULL,NULL,NULL,NULL,NULL,NULL,NULL,NULL,205699863,No,NULL,Yes,NULL,NULL,NULL,1,3464,NULL,NULL,NULL,NULL,NULL,NULL,NULL,NULL,NULL,NULL,NULL,NULL,NULL,NULL,NULL,NULL,NULL,NULL,NULL,NULL,NULL,NULL,NULL,NULL,NULL,NULL,
45893,NO.1 12KV CAPACITOR SW,No,No,Yes,Yes,603,604,Closed,Closed,0,Normal,0,1,NULL,NULL,NULL,NULL,NULL,NULL,NULL,NULL,NULL,NULL,NULL,NULL,NULL,207651375,No,NULL,Yes,NULL,NULL,NULL,1,3045,187923,NULL,NULL,NULL,NULL,NULL,NULL,NULL,NULL,NULL,NULL,NULL,NULL,NULL,NULL,NULL,NULL,NULL,NULL,NULL,NULL,NULL,NULL,NULL,NULL,NULL,
45945,NO.1 12KV CAPACITOR CB,No,No,Yes,No,600,603,Closed,Closed,0,Normal,0,1,NULL,NULL,NULL,NULL,NULL,NULL,NULL,NULL,NULL,NULL,NULL,NULL,NULL,207085044,No,NULL,Yes,NULL,NULL,NULL,1,3492,NULL,NULL,NULL,NULL,NULL,NULL,NULL,NULL,NULL,NULL,NULL,NULL,NULL,NULL,NULL,NULL,NULL,NULL,NULL,NULL,NULL,NULL,NULL,NULL,NULL,NULL,
45946,NO.1 12KV CAPACITOR CB,No,No,No,Yes,600,603,Closed,Closed,0,Normal,0,1,NULL,NULL,NULL,NULL,NULL,NULL,NULL,NULL,NULL,NULL,NULL,NULL,NULL,207085044,No,NULL,Yes,NULL,NULL,NULL,1,3492,180388,NULL,NULL,NULL,NULL,NULL,NULL,NULL,NULL,NULL,NULL,NULL,NULL,NULL,NULL,NULL,NULL,NULL,NULL,NULL,NULL,NULL,NULL,NULL,NULL,NULL,
45947,NO.2 12KV CAPACITOR SW,No,No,No,Yes,602,604,Open,Open,0,Normal,0,1,NULL,NULL,NULL,NULL,NULL,NULL,NULL,NULL,NULL,NULL,NULL,NULL,NULL,205569722,No,NULL,Yes,NULL,NULL,NULL,1,3492,253882,NULL,NULL,NULL,NULL,NULL,NULL,NULL,NULL,NULL,NULL,NULL,NULL,NULL,NULL,NULL,NULL,NULL,NULL,NULL,NULL,NULL,NULL,NULL,NULL,NULL,
45965,NO.2 12KV CAPACITOR CB,No,No,No,Yes,601,604,Closed,Closed,0,Normal,0,1,NULL,NULL,NULL,NULL,NULL,NULL,NULL,NULL,NULL,NULL,NULL,NULL,NULL,NULL,No,NULL,Yes,NULL,NULL,NULL,1,3312,141441,NULL,NULL,NULL,NULL,NULL,NULL,NULL,NULL,NULL,NULL,NULL,NULL,NULL,NULL,NULL,NULL,NULL,NULL,NULL,NULL,NULL,NULL,NULL,NULL,NULL,
45966,NO.2 12KV CAPACITOR CB,No,No,Yes,No,601,604,Closed,Closed,0,Normal,0,1,NULL,NULL,NULL,NULL,NULL,NULL,NULL,NULL,NULL,NULL,NULL,NULL,NULL,NULL,No,NULL,Yes,NULL,NULL,NULL,NULL,3312,NULL,NULL,NULL,NULL,NULL,NULL,NULL,NULL,NULL,NULL,NULL,NULL,NULL,NULL,NULL,NULL,NULL,NULL,NULL,NULL,NULL,NULL,NULL,NULL,NULL,NULL,
45967,NO.1 CAPACITOR CB,No,No,No,Yes,600,605,Closed,Closed,0,Normal,0,1,NULL,NULL,NULL,NULL,NULL,NULL,NULL,NULL,NULL,NULL,NULL,NULL,NULL,NULL,No,NULL,Yes,NULL,NULL,NULL,1,3312,141432,NULL,NULL,NULL,NULL,NULL,NULL,NULL,NULL,NULL,NULL,NULL,NULL,NULL,NULL,NULL,NULL,NULL,NULL,NULL,NULL,NULL,NULL,NULL,NULL,NULL,
45968,NO.1 CAPACITOR CB,No,No,Yes,No,600,605,Closed,Closed,0,Normal,0,1,NULL,NULL,NULL,NULL,NULL,NULL,NULL,NULL,NULL,NULL,NULL,NULL,NULL,NULL,No,NULL,Yes,NULL,NULL,NULL,NULL,3312,NULL,NULL,NULL,NULL,NULL,NULL,NULL,NULL,NULL,NULL,NULL,NULL,NULL,NULL,NULL,NULL,NULL,NULL,NULL,NULL,NULL,NULL,NULL,NULL,NULL,NULL,
45969,NO.3 CAPACITOR CB,No,No,No,Yes,602,606,Closed,Closed,0,Normal,0,1,NULL,NULL,NULL,NULL,NULL,NULL,NULL,NULL,NULL,NULL,NULL,NULL,NULL,NULL,No,NULL,Yes,NULL,NULL,NULL,1,3312,285253,NULL,NULL,NULL,NULL,NULL,NULL,NULL,NULL,NULL,NULL,NULL,NULL,NULL,NULL,NULL,NULL,NULL,NULL,NULL,NULL,NULL,NULL,NULL,NULL,NULL,
45970,NO.3 CAPACITOR CB,No,No,Yes,No,602,606,Closed,Closed,0,Normal,0,1,NULL,NULL,NULL,NULL,NULL,NULL,NULL,NULL,NULL,NULL,NULL,NULL,NULL,NULL,No,NULL,Yes,NULL,NULL,NULL,NULL,3312,NULL,NULL,NULL,NULL,NULL,NULL,NULL,NULL,NULL,NULL,NULL,NULL,NULL,NULL,NULL,NULL,NULL,NULL,NULL,NULL,NULL,NULL,NULL,NULL,NULL,NULL,
45972,NO.4 CAPACITOR CB,No,No,No,Yes,603,607,Closed,Closed,0,Normal,0,1,NULL,NULL,NULL,NULL,NULL,NULL,NULL,NULL,NULL,NULL,NULL,NULL,NULL,NULL,No,NULL,Yes,NULL,NULL,NULL,1,3312,285260,NULL,NULL,NULL,NULL,NULL,NULL,NULL,NULL,NULL,NULL,NULL,NULL,NULL,NULL,NULL,NULL,NULL,NULL,NULL,NULL,NULL,NULL,NULL,NULL,NULL,
45973,NO.4 CAPACITOR CB,No,No,Yes,No,603,607,Closed,Closed,0,Normal,0,1,NULL,NULL,NULL,NULL,NULL,NULL,NULL,NULL,NULL,NULL,NULL,NULL,NULL,NULL,No,NULL,Yes,NULL,NULL,NULL,NULL,3312,NULL,NULL,NULL,NULL,NULL,NULL,NULL,NULL,NULL,NULL,NULL,NULL,NULL,NULL,NULL,NULL,NULL,NULL,NULL,NULL,NULL,NULL,NULL,NULL,NULL,NULL,
51027,BK 1N DSC,No,Yes,Yes,Yes,701,703,Closed,Closed,0,Isolator,0,1,NULL,NULL,NULL,NULL,NULL,NULL,NULL,NULL,NULL,NULL,NULL,NULL,NULL,NULL,No,NULL,Yes,NULL,NULL,NULL,1,3312,143331,NULL,NULL,NULL,NULL,NULL,NULL,NULL,NULL,NULL,NULL,NULL,NULL,NULL,NULL,NULL,NULL,NULL,NULL,NULL,NULL,NULL,NULL,NULL,NULL,NULL,
51028,BK 1S DSC,No,Yes,Yes,Yes,702,703,Closed,Closed,0,Isolator,0,1,NULL,NULL,NULL,NULL,NULL,NULL,NULL,NULL,NULL,NULL,NULL,NULL,NULL,NULL,No,NULL,Yes,NULL,NULL,NULL,1,3312,143332,NULL,NULL,NULL,NULL,NULL,NULL,NULL,NULL,NULL,NULL,NULL,NULL,NULL,NULL,NULL,NULL,NULL,NULL,NULL,NULL,NULL,NULL,NULL,NULL,NULL,
51119,BK 2N DSC,No,Yes,Yes,Yes,704,706,Closed,Closed,0,Isolator,0,1,NULL,NULL,NULL,NULL,NULL,NULL,NULL,NULL,NULL,NULL,NULL,NULL,NULL,NULL,No,NULL,Yes,NULL,NULL,NULL,1,3312,143333,NULL,NULL,NULL,NULL,NULL,NULL,NULL,NULL,NULL,NULL,NULL,NULL,NULL,NULL,NULL,NULL,NULL,NULL,NULL,NULL,NULL,NULL,NULL,NULL,NULL,
51124,BK 2S DSC,No,Yes,Yes,Yes,705,706,Closed,Closed,0,Isolator,0,1,NULL,NULL,NULL,NULL,NULL,NULL,NULL,NULL,NULL,NULL,NULL,NULL,NULL,NULL,No,NULL,Yes,NULL,NULL,NULL,1,3312,143334,NULL,NULL,NULL,NULL,NULL,NULL,NULL,NULL,NULL,NULL,NULL,NULL,NULL,NULL,NULL,NULL,NULL,NULL,NULL,NULL,NULL,NULL,NULL,NULL,NULL,
51488,CAPACITOR 1 DSC,No,No,Yes,Yes,500,600,Closed,Closed,0,Isolator,0,1,NULL,NULL,NULL,NULL,NULL,NULL,NULL,NULL,NULL,NULL,NULL,NULL,NULL,NULL,No,NULL,Yes,NULL,NULL,NULL,1,3312,143394,NULL,NULL,NULL,NULL,NULL,NULL,NULL,NULL,NULL,NULL,NULL,NULL,NULL,NULL,NULL,NULL,NULL,NULL,NULL,NULL,NULL,NULL,NULL,NULL,NULL,
51583,CAPACITOR 2 DSC,No,No,Yes,Yes,999,601,Closed,Closed,0,Isolator,0,1,NULL,NULL,NULL,NULL,NULL,NULL,NULL,NULL,NULL,NULL,NULL,NULL,NULL,NULL,No,NULL,Yes,NULL,NULL,NULL,1,3312,143397,NULL,NULL,NULL,NULL,NULL,NULL,NULL,NULL,NULL,NULL,NULL,NULL,NULL,NULL,NULL,NULL,NULL,NULL,NULL,NULL,NULL,NULL,NULL,NULL,NULL,
51584,CAPACITOR 3 DSC,No,No,Yes,Yes,995,602,Closed,Closed,0,Isolator,0,1,NULL,NULL,NULL,NULL,NULL,NULL,NULL,NULL,NULL,NULL,NULL,NULL,NULL,NULL,No,NULL,Yes,NULL,NULL,NULL,1,3312,14533,NULL,NULL,NULL,NULL,NULL,NULL,NULL,NULL,NULL,NULL,NULL,NULL,NULL,NULL,NULL,NULL,NULL,NULL,NULL,NULL,NULL,NULL,NULL,NULL,NULL,
51585,CAPACITOR 4 DSC,No,No,Yes,Yes,496,603,Closed,Closed,0,Isolator,0,1,NULL,NULL,NULL,NULL,NULL,NULL,NULL,NULL,NULL,NULL,NULL,NULL,NULL,NULL,No,NULL,Yes,NULL,NULL,NULL,1,3312,14538,NULL,NULL,NULL,NULL,NULL,NULL,NULL,NULL,NULL,NULL,NULL,NULL,NULL,NULL,NULL,NULL,NULL,NULL,NULL,NULL,NULL,NULL,NULL,NULL,NULL,
51586,BS12 NB,No,No,Yes,Yes,999,998,Closed,Closed,0,Isolator,0,1,NULL,NULL,NULL,NULL,NULL,NULL,NULL,NULL,NULL,NULL,NULL,NULL,NULL,NULL,No,NULL,Yes,NULL,NULL,NULL,1,3312,14515,NULL,NULL,NULL,NULL,NULL,NULL,NULL,NULL,NULL,NULL,NULL,NULL,NULL,NULL,NULL,NULL,NULL,NULL,NULL,NULL,NULL,NULL,NULL,NULL,NULL,
51638,BS12 SB,No,No,Yes,Yes,500,499,Closed,Closed,0,Isolator,0,1,NULL,NULL,NULL,NULL,NULL,NULL,NULL,NULL,NULL,NULL,NULL,NULL,NULL,NULL,No,NULL,Yes,NULL,NULL,NULL,1,3312,14518,NULL,NULL,NULL,NULL,NULL,NULL,NULL,NULL,NULL,NULL,NULL,NULL,NULL,NULL,NULL,NULL,NULL,NULL,NULL,NULL,NULL,NULL,NULL,NULL,NULL,
51639,BS23 NB,No,No,Yes,Yes,998,997,Closed,Closed,0,Isolator,0,1,NULL,NULL,NULL,NULL,NULL,NULL,NULL,NULL,NULL,NULL,NULL,NULL,NULL,NULL,No,NULL,Yes,NULL,NULL,NULL,1,3312,14516,NULL,NULL,NULL,NULL,NULL,NULL,NULL,NULL,NULL,NULL,NULL,NULL,NULL,NULL,NULL,NULL,NULL,NULL,NULL,NULL,NULL,NULL,NULL,NULL,NULL,
51668,BS23 SB,No,No,Yes,Yes,499,498,Closed,Closed,0,Isolator,0,1,NULL,NULL,NULL,NULL,NULL,NULL,NULL,NULL,NULL,NULL,NULL,NULL,NULL,NULL,No,NULL,Yes,NULL,NULL,NULL,1,3312,14517,NULL,NULL,NULL,NULL,NULL,NULL,NULL,NULL,NULL,NULL,NULL,NULL,NULL,NULL,NULL,NULL,NULL,NULL,NULL,NULL,NULL,NULL,NULL,NULL,NULL,
52497,BUS TIE 12KV OB DISC,No,No,Yes,Yes,999,100,Closed,Closed,0,Isolator,0,1,NULL,NULL,NULL,NULL,NULL,NULL,NULL,NULL,NULL,NULL,NULL,NULL,NULL,NULL,No,NULL,Yes,NULL,NULL,NULL,1,3045,187894,NULL,NULL,NULL,NULL,NULL,NULL,NULL,NULL,NULL,NULL,NULL,NULL,NULL,NULL,NULL,NULL,NULL,NULL,NULL,NULL,NULL,NULL,NULL,NULL,NULL,
52498,BUS TIE 12KV LN DISC,No,No,Yes,Yes,100,101,Closed,Closed,0,Isolator,0,1,NULL,NULL,NULL,NULL,NULL,NULL,NULL,NULL,NULL,NULL,NULL,NULL,NULL,NULL,No,NULL,Yes,NULL,NULL,NULL,1,3045,187895,NULL,NULL,NULL,NULL,NULL,NULL,NULL,NULL,NULL,NULL,NULL,NULL,NULL,NULL,NULL,NULL,NULL,NULL,NULL,NULL,NULL,NULL,NULL,NULL,NULL,
52499,BUS TIE 12KV CB,No,No,Yes,Yes,101,51,Closed,Closed,0,Normal,0,1,NULL,NULL,NULL,NULL,NULL,NULL,NULL,NULL,NULL,NULL,NULL,NULL,NULL,207085043,No,NULL,Yes,NULL,NULL,NULL,1,3045,108758,NULL,NULL,NULL,NULL,NULL,NULL,NULL,NULL,NULL,NULL,NULL,NULL,NULL,NULL,NULL,NULL,NULL,NULL,NULL,NULL,NULL,NULL,NULL,NULL,NULL,
52500,BUS TIE 12KV TB DISC,No,No,Yes,Yes,51,50,Closed,Closed,0,Isolator,0,1,NULL,NULL,NULL,NULL,NULL,NULL,NULL,NULL,NULL,NULL,NULL,NULL,NULL,NULL,No,NULL,Yes,NULL,NULL,NULL,1,3045,187896,NULL,NULL,NULL,NULL,NULL,NULL,NULL,NULL,NULL,NULL,NULL,NULL,NULL,NULL,NULL,NULL,NULL,NULL,NULL,NULL,NULL,NULL,NULL,NULL,NULL,
52501,BS12,No,No,Yes,Yes,999,998,Closed,Closed,0,Isolator,0,1,NULL,NULL,NULL,NULL,NULL,NULL,NULL,NULL,NULL,NULL,NULL,NULL,NULL,NULL,No,NULL,Yes,NULL,NULL,NULL,1,3045,187893,NULL,NULL,NULL,NULL,NULL,NULL,NULL,NULL,NULL,NULL,NULL,NULL,NULL,NULL,NULL,NULL,NULL,NULL,NULL,NULL,NULL,NULL,NULL,NULL,NULL,
52502,DRILLER 12KV OB DISC,No,No,Yes,Yes,998,102,Closed,Closed,0,Isolator,0,1,NULL,NULL,NULL,NULL,NULL,NULL,NULL,NULL,NULL,NULL,NULL,NULL,NULL,NULL,No,NULL,Yes,NULL,NULL,NULL,1,3045,187898,NULL,NULL,NULL,NULL,NULL,NULL,NULL,NULL,NULL,NULL,NULL,NULL,NULL,NULL,NULL,NULL,NULL,NULL,NULL,NULL,NULL,NULL,NULL,NULL,NULL,
52503,DRILLER 12KV CB,No,No,Yes,Yes,102,103,Closed,Closed,0,Normal,0,1,NULL,NULL,NULL,NULL,NULL,NULL,NULL,NULL,NULL,NULL,NULL,NULL,NULL,207085042,No,NULL,Yes,NULL,NULL,NULL,1,3045,108759,NULL,NULL,NULL,NULL,NULL,NULL,NULL,NULL,NULL,NULL,NULL,NULL,NULL,NULL,NULL,NULL,NULL,NULL,NULL,NULL,NULL,NULL,NULL,NULL,NULL,
52504,DRILLER 12KV LN DISC,No,No,Yes,Yes,103,52,Closed,Closed,0,Isolator,0,1,NULL,NULL,NULL,NULL,NULL,NULL,NULL,NULL,NULL,NULL,NULL,NULL,NULL,NULL,No,NULL,Yes,NULL,NULL,NULL,1,3045,187899,NULL,NULL,NULL,NULL,NULL,NULL,NULL,NULL,NULL,NULL,NULL,NULL,NULL,NULL,NULL,NULL,NULL,NULL,NULL,NULL,NULL,NULL,NULL,NULL,NULL,
52505,DRILLER 12KV TB DISC,No,No,Yes,Yes,52,50,Open,Open,0,Isolator,0,1,NULL,NULL,NULL,NULL,NULL,NULL,NULL,NULL,NULL,NULL,NULL,NULL,NULL,NULL,No,NULL,Yes,NULL,NULL,NULL,1,3045,187900,NULL,NULL,NULL,NULL,NULL,NULL,NULL,NULL,NULL,NULL,NULL,NULL,NULL,NULL,NULL,NULL,NULL,NULL,NULL,NULL,NULL,NULL,NULL,NULL,NULL,
52506,GUSHER 12KV OB DISC,No,No,Yes,Yes,998,104,Closed,Closed,0,Isolator,0,1,NULL,NULL,NULL,NULL,NULL,NULL,NULL,NULL,NULL,NULL,NULL,NULL,NULL,NULL,No,NULL,Yes,NULL,NULL,NULL,1,3045,187902,NULL,NULL,NULL,NULL,NULL,NULL,NULL,NULL,NULL,NULL,NULL,NULL,NULL,NULL,NULL,NULL,NULL,NULL,NULL,NULL,NULL,NULL,NULL,NULL,NULL,
52507,GUSHER 12KV CB,No,No,Yes,Yes,104,105,Closed,Closed,0,Normal,0,1,NULL,NULL,NULL,NULL,NULL,NULL,NULL,NULL,NULL,NULL,NULL,NULL,NULL,207085041,No,NULL,Yes,NULL,NULL,NULL,1,3045,108760,NULL,NULL,NULL,NULL,NULL,NULL,NULL,NULL,NULL,NULL,NULL,NULL,NULL,NULL,NULL,NULL,NULL,NULL,NULL,NULL,NULL,NULL,NULL,NULL,NULL,
52508,GUSHER 12KV LN DISC,No,No,Yes,Yes,105,53,Closed,Closed,0,Isolator,0,1,NULL,NULL,NULL,NULL,NULL,NULL,NULL,NULL,NULL,NULL,NULL,NULL,NULL,NULL,No,NULL,Yes,NULL,NULL,NULL,1,3045,187903,NULL,NULL,NULL,NULL,NULL,NULL,NULL,NULL,NULL,NULL,NULL,NULL,NULL,NULL,NULL,NULL,NULL,NULL,NULL,NULL,NULL,NULL,NULL,NULL,NULL,
52509,GUSHER 12KV TB DISC,No,No,Yes,Yes,53,50,Open,Open,0,Isolator,0,1,NULL,NULL,NULL,NULL,NULL,NULL,NULL,NULL,NULL,NULL,NULL,NULL,NULL,NULL,No,NULL,Yes,NULL,NULL,NULL,1,3045,187904,NULL,NULL,NULL,NULL,NULL,NULL,NULL,NULL,NULL,NULL,NULL,NULL,NULL,NULL,NULL,NULL,NULL,NULL,NULL,NULL,NULL,NULL,NULL,NULL,NULL,
52510,NO.7 BANK 12KV OB DISC,No,No,Yes,Yes,998,106,Closed,Closed,0,Isolator,0,1,NULL,NULL,NULL,NULL,NULL,NULL,NULL,NULL,NULL,NULL,NULL,NULL,NULL,NULL,No,NULL,Yes,NULL,NULL,NULL,1,3045,187914,NULL,NULL,NULL,NULL,NULL,NULL,NULL,NULL,NULL,NULL,NULL,NULL,NULL,NULL,NULL,NULL,NULL,NULL,NULL,NULL,NULL,NULL,NULL,NULL,NULL,
52511,NO.7 BANK 12KV LN DISC,No,No,Yes,Yes,106,54,Closed,Closed,0,Isolator,0,1,NULL,NULL,NULL,NULL,NULL,NULL,NULL,NULL,NULL,NULL,NULL,NULL,NULL,NULL,No,NULL,Yes,NULL,NULL,NULL,1,3045,187915,NULL,NULL,NULL,NULL,NULL,NULL,NULL,NULL,NULL,NULL,NULL,NULL,NULL,NULL,NULL,NULL,NULL,NULL,NULL,NULL,NULL,NULL,NULL,NULL,NULL,
52512,NO.7 BANK 12KV TB DISC,No,No,Yes,Yes,54,50,Open,Open,0,Isolator,0,1,NULL,NULL,NULL,NULL,NULL,NULL,NULL,NULL,NULL,NULL,NULL,NULL,NULL,NULL,No,NULL,Yes,NULL,NULL,NULL,1,3045,187916,NULL,NULL,NULL,NULL,NULL,NULL,NULL,NULL,NULL,NULL,NULL,NULL,NULL,NULL,NULL,NULL,NULL,NULL,NULL,NULL,NULL,NULL,NULL,NULL,NULL,
52513,PIPELINE 12KV OB DISC,No,No,Yes,Yes,998,107,Closed,Closed,0,Isolator,0,1,NULL,NULL,NULL,NULL,NULL,NULL,NULL,NULL,NULL,NULL,NULL,NULL,NULL,NULL,No,NULL,Yes,NULL,NULL,NULL,1,3045,187906,NULL,NULL,NULL,NULL,NULL,NULL,NULL,NULL,NULL,NULL,NULL,NULL,NULL,NULL,NULL,NULL,NULL,NULL,NULL,NULL,NULL,NULL,NULL,NULL,NULL,
52514,PIPELINE 12KV CB,No,No,Yes,Yes,107,108,Closed,Closed,0,Normal,0,1,NULL,NULL,NULL,NULL,NULL,NULL,NULL,NULL,NULL,NULL,NULL,NULL,NULL,207085040,No,NULL,Yes,NULL,NULL,NULL,1,3045,108761,NULL,NULL,NULL,NULL,NULL,NULL,NULL,NULL,NULL,NULL,NULL,NULL,NULL,NULL,NULL,NULL,NULL,NULL,NULL,NULL,NULL,NULL,NULL,NULL,NULL,
52515,PIPELINE 12KV LN DISC,No,No,Yes,Yes,108,55,Closed,Closed,0,Isolator,0,1,NULL,NULL,NULL,NULL,NULL,NULL,NULL,NULL,NULL,NULL,NULL,NULL,NULL,NULL,No,NULL,Yes,NULL,NULL,NULL,1,3045,187907,NULL,NULL,NULL,NULL,NULL,NULL,NULL,NULL,NULL,NULL,NULL,NULL,NULL,NULL,NULL,NULL,NULL,NULL,NULL,NULL,NULL,NULL,NULL,NULL,NULL,
52516,PIPELINE 12KV TB DISC,No,No,Yes,Yes,55,50,Open,Open,0,Isolator,0,1,NULL,NULL,NULL,NULL,NULL,NULL,NULL,NULL,NULL,NULL,NULL,NULL,NULL,NULL,No,NULL,Yes,NULL,NULL,NULL,1,3045,187908,NULL,NULL,NULL,NULL,NULL,NULL,NULL,NULL,NULL,NULL,NULL,NULL,NULL,NULL,NULL,NULL,NULL,NULL,NULL,NULL,NULL,NULL,NULL,NULL,NULL,
52517,WHIPSTOCK 12KV OB DISC,No,No,Yes,Yes,998,109,Closed,Closed,0,Isolator,0,1,NULL,NULL,NULL,NULL,NULL,NULL,NULL,NULL,NULL,NULL,NULL,NULL,NULL,NULL,No,NULL,Yes,NULL,NULL,NULL,1,3045,187910,NULL,NULL,NULL,NULL,NULL,NULL,NULL,NULL,NULL,NULL,NULL,NULL,NULL,NULL,NULL,NULL,NULL,NULL,NULL,NULL,NULL,NULL,NULL,NULL,NULL,
52518,WHIPSTOCK 12KV CB,No,No,Yes,Yes,109,110,Closed,Closed,0,Normal,0,1,NULL,NULL,NULL,NULL,NULL,NULL,NULL,NULL,NULL,NULL,NULL,NULL,NULL,207426692,No,NULL,Yes,NULL,NULL,NULL,1,3045,108762,NULL,NULL,NULL,NULL,NULL,NULL,NULL,NULL,NULL,NULL,NULL,NULL,NULL,NULL,NULL,NULL,NULL,NULL,NULL,NULL,NULL,NULL,NULL,NULL,NULL,
52519,WHIPSTOCK 12KV LN DISC,No,No,Yes,Yes,110,56,Closed,Closed,0,Isolator,0,1,NULL,NULL,NULL,NULL,NULL,NULL,NULL,NULL,NULL,NULL,NULL,NULL,NULL,NULL,No,NULL,Yes,NULL,NULL,NULL,1,3045,187911,NULL,NULL,NULL,NULL,NULL,NULL,NULL,NULL,NULL,NULL,NULL,NULL,NULL,NULL,NULL,NULL,NULL,NULL,NULL,NULL,NULL,NULL,NULL,NULL,NULL,
52520,WHIPSTOCK 12KV TB DISC,No,No,Yes,Yes,56,50,Open,Open,0,Isolator,0,1,NULL,NULL,NULL,NULL,NULL,NULL,NULL,NULL,NULL,NULL,NULL,NULL,NULL,NULL,No,NULL,Yes,NULL,NULL,NULL,1,3045,187912,NULL,NULL,NULL,NULL,NULL,NULL,NULL,NULL,NULL,NULL,NULL,NULL,NULL,NULL,NULL,NULL,NULL,NULL,NULL,NULL,NULL,NULL,NULL,NULL,NULL,
52521,CAPACITOR DISC 1,No,No,Yes,Yes,998,601,Closed,Closed,0,Isolator,0,1,NULL,NULL,NULL,NULL,NULL,NULL,NULL,NULL,NULL,NULL,NULL,NULL,NULL,NULL,No,NULL,Yes,NULL,NULL,NULL,1,3045,187921,NULL,NULL,NULL,NULL,NULL,NULL,NULL,NULL,NULL,NULL,NULL,NULL,NULL,NULL,NULL,NULL,NULL,NULL,NULL,NULL,NULL,NULL,NULL,NULL,NULL,
52522,CAPACITOR FUSE 1,No,No,Yes,Yes,601,603,Closed,Closed,0,Isolator,0,1,NULL,NULL,NULL,NULL,NULL,NULL,NULL,NULL,NULL,NULL,NULL,NULL,NULL,NULL,No,NULL,Yes,NULL,NULL,NULL,1,3045,187922,NULL,NULL,NULL,NULL,NULL,NULL,NULL,NULL,NULL,NULL,NULL,NULL,NULL,NULL,NULL,NULL,NULL,NULL,NULL,NULL,NULL,NULL,NULL,NULL,NULL,
52523,BK DSC 7,No,Yes,Yes,Yes,701,54,Closed,Closed,0,Isolator,0,1,NULL,NULL,NULL,NULL,NULL,NULL,NULL,NULL,NULL,NULL,NULL,NULL,NULL,NULL,No,NULL,Yes,NULL,NULL,NULL,1,3045,187919,NULL,NULL,NULL,NULL,NULL,NULL,NULL,NULL,NULL,NULL,NULL,NULL,NULL,NULL,NULL,NULL,NULL,NULL,NULL,NULL,NULL,NULL,NULL,NULL,NULL,
53683,BS34 NB,No,No,Yes,Yes,997,996,Closed,Closed,0,Isolator,0,1,NULL,NULL,NULL,NULL,NULL,NULL,NULL,NULL,NULL,NULL,NULL,NULL,NULL,NULL,No,NULL,Yes,NULL,NULL,NULL,1,3312,14522,NULL,NULL,NULL,NULL,NULL,NULL,NULL,NULL,NULL,NULL,NULL,NULL,NULL,NULL,NULL,NULL,NULL,NULL,NULL,NULL,NULL,NULL,NULL,NULL,NULL,
53684,BS34 SB,No,No,Yes,Yes,498,497,Closed,Closed,0,Isolator,0,1,NULL,NULL,NULL,NULL,NULL,NULL,NULL,NULL,NULL,NULL,NULL,NULL,NULL,NULL,No,NULL,Yes,NULL,NULL,NULL,1,3312,14519,NULL,NULL,NULL,NULL,NULL,NULL,NULL,NULL,NULL,NULL,NULL,NULL,NULL,NULL,NULL,NULL,NULL,NULL,NULL,NULL,NULL,NULL,NULL,NULL,NULL,
53685,BS45 NB,No,No,Yes,Yes,996,995,Closed,Closed,0,Isolator,0,1,NULL,NULL,NULL,NULL,NULL,NULL,NULL,NULL,NULL,NULL,NULL,NULL,NULL,NULL,No,NULL,Yes,NULL,NULL,NULL,1,3312,14521,NULL,NULL,NULL,NULL,NULL,NULL,NULL,NULL,NULL,NULL,NULL,NULL,NULL,NULL,NULL,NULL,NULL,NULL,NULL,NULL,NULL,NULL,NULL,NULL,NULL,
53686,BS45 SB,No,No,Yes,Yes,497,496,Closed,Closed,0,Isolator,0,1,NULL,NULL,NULL,NULL,NULL,NULL,NULL,NULL,NULL,NULL,NULL,NULL,NULL,NULL,No,NULL,Yes,NULL,NULL,NULL,1,3312,14520,NULL,NULL,NULL,NULL,NULL,NULL,NULL,NULL,NULL,NULL,NULL,NULL,NULL,NULL,NULL,NULL,NULL,NULL,NULL,NULL,NULL,NULL,NULL,NULL,NULL,
53775,OMICRON N 12KV OB DISC,No,No,Yes,Yes,999,160,Closed,Closed,0,Isolator,0,1,NULL,NULL,NULL,NULL,NULL,NULL,NULL,NULL,NULL,NULL,NULL,NULL,NULL,NULL,No,NULL,Yes,NULL,NULL,NULL,1,3494,19217,NULL,NULL,NULL,NULL,NULL,NULL,NULL,NULL,NULL,NULL,NULL,NULL,NULL,NULL,NULL,NULL,NULL,NULL,NULL,NULL,NULL,NULL,NULL,NULL,NULL,
53776,OMICRON N 12KV CB,No,No,Yes,Yes,160,161,Closed,Closed,0,Normal,0,1,NULL,NULL,NULL,NULL,NULL,NULL,NULL,NULL,NULL,NULL,NULL,NULL,NULL,207020936,No,NULL,Yes,NULL,NULL,NULL,1,3494,19207,NULL,NULL,NULL,NULL,NULL,NULL,NULL,NULL,NULL,NULL,NULL,NULL,NULL,NULL,NULL,NULL,NULL,NULL,NULL,NULL,NULL,NULL,NULL,NULL,NULL,
53777,OMICRON N 12KV LN DISC,No,No,Yes,Yes,161,66,Closed,Closed,0,Isolator,0,1,NULL,NULL,NULL,NULL,NULL,NULL,NULL,NULL,NULL,NULL,NULL,NULL,NULL,NULL,No,NULL,Yes,NULL,NULL,NULL,1,3494,19218,NULL,NULL,NULL,NULL,NULL,NULL,NULL,NULL,NULL,NULL,NULL,NULL,NULL,NULL,NULL,NULL,NULL,NULL,NULL,NULL,NULL,NULL,NULL,NULL,NULL,
53778,OMICRON S 12KV LN DISC,No,No,Yes,Yes,66,162,Closed,Closed,0,Isolator,0,1,NULL,NULL,NULL,NULL,NULL,NULL,NULL,NULL,NULL,NULL,NULL,NULL,NULL,NULL,No,NULL,Yes,NULL,NULL,NULL,1,3494,19219,NULL,NULL,NULL,NULL,NULL,NULL,NULL,NULL,NULL,NULL,NULL,NULL,NULL,NULL,NULL,NULL,NULL,NULL,NULL,NULL,NULL,NULL,NULL,NULL,NULL,
53779,OMICRON S 12KV CB,No,No,Yes,Yes,162,163,Open,Open,0,Normal,0,1,NULL,NULL,NULL,NULL,NULL,NULL,NULL,NULL,NULL,NULL,NULL,NULL,NULL,207020945,No,NULL,Yes,NULL,NULL,NULL,1,3494,19208,NULL,NULL,NULL,NULL,NULL,NULL,NULL,NULL,NULL,NULL,NULL,NULL,NULL,NULL,NULL,NULL,NULL,NULL,NULL,NULL,NULL,NULL,NULL,NULL,NULL,
53780,OMICRON S 12KV OB DISC,No,No,Yes,Yes,163,50,Closed,Closed,0,Isolator,0,1,NULL,NULL,NULL,NULL,NULL,NULL,NULL,NULL,NULL,NULL,NULL,NULL,NULL,NULL,No,NULL,Yes,NULL,NULL,NULL,1,3494,19220,NULL,NULL,NULL,NULL,NULL,NULL,NULL,NULL,NULL,NULL,NULL,NULL,NULL,NULL,NULL,NULL,NULL,NULL,NULL,NULL,NULL,NULL,NULL,NULL,NULL,
53781,LAMBDA N 12KV OB DISC,No,No,Yes,Yes,999,164,Closed,Closed,0,Isolator,0,1,NULL,NULL,NULL,NULL,NULL,NULL,NULL,NULL,NULL,NULL,NULL,NULL,NULL,NULL,No,NULL,Yes,NULL,NULL,NULL,1,3494,287029,NULL,NULL,NULL,NULL,NULL,NULL,NULL,NULL,NULL,NULL,NULL,NULL,NULL,NULL,NULL,NULL,NULL,NULL,NULL,NULL,NULL,NULL,NULL,NULL,NULL,
53782,LAMBDA N 12KV CB,No,No,Yes,Yes,164,165,Open,Open,0,Normal,0,1,NULL,NULL,NULL,NULL,NULL,NULL,NULL,NULL,NULL,NULL,NULL,NULL,NULL,207371450,No,NULL,Yes,NULL,NULL,NULL,1,3494,283056,NULL,NULL,NULL,NULL,NULL,NULL,NULL,NULL,NULL,NULL,NULL,NULL,NULL,NULL,NULL,NULL,NULL,NULL,NULL,NULL,NULL,NULL,NULL,NULL,NULL,
53783,LAMBDA N 12KV LN DISC,No,No,Yes,Yes,165,67,Closed,Closed,0,Isolator,0,1,NULL,NULL,NULL,NULL,NULL,NULL,NULL,NULL,NULL,NULL,NULL,NULL,NULL,NULL,No,NULL,Yes,NULL,NULL,NULL,1,3494,287030,NULL,NULL,NULL,NULL,NULL,NULL,NULL,NULL,NULL,NULL,NULL,NULL,NULL,NULL,NULL,NULL,NULL,NULL,NULL,NULL,NULL,NULL,NULL,NULL,NULL,
53784,LAMBDA S 12KV LN DISC,No,No,Yes,Yes,67,166,Closed,Closed,0,Isolator,0,1,NULL,NULL,NULL,NULL,NULL,NULL,NULL,NULL,NULL,NULL,NULL,NULL,NULL,NULL,No,NULL,Yes,NULL,NULL,NULL,1,3494,287032,NULL,NULL,NULL,NULL,NULL,NULL,NULL,NULL,NULL,NULL,NULL,NULL,NULL,NULL,NULL,NULL,NULL,NULL,NULL,NULL,NULL,NULL,NULL,NULL,NULL,
53785,LAMBDA S 12KV CB,No,No,Yes,Yes,166,167,Closed,Closed,0,Normal,0,1,NULL,NULL,NULL,NULL,NULL,NULL,NULL,NULL,NULL,NULL,NULL,NULL,NULL,207371451,No,NULL,Yes,NULL,NULL,NULL,1,3494,283057,NULL,NULL,NULL,NULL,NULL,NULL,NULL,NULL,NULL,NULL,NULL,NULL,NULL,NULL,NULL,NULL,NULL,NULL,NULL,NULL,NULL,NULL,NULL,NULL,NULL,
53786,LAMBDA S 12KV OB DISC,No,No,Yes,Yes,167,50,Closed,Closed,0,Isolator,0,1,NULL,NULL,NULL,NULL,NULL,NULL,NULL,NULL,NULL,NULL,NULL,NULL,NULL,NULL,No,NULL,Yes,NULL,NULL,NULL,1,3494,287033,NULL,NULL,NULL,NULL,NULL,NULL,NULL,NULL,NULL,NULL,NULL,NULL,NULL,NULL,NULL,NULL,NULL,NULL,NULL,NULL,NULL,NULL,NULL,NULL,NULL,
64517,IDAHO 12KV OB DISC,No,No,Yes,Yes,999,100,Closed,Closed,0,Isolator,0,1,NULL,NULL,NULL,NULL,NULL,NULL,NULL,NULL,NULL,NULL,NULL,NULL,NULL,NULL,No,NULL,Yes,NULL,NULL,NULL,1,3312,143374,NULL,NULL,NULL,NULL,NULL,NULL,NULL,NULL,NULL,NULL,NULL,NULL,NULL,NULL,NULL,NULL,NULL,NULL,NULL,NULL,NULL,NULL,NULL,NULL,NULL,
64518,IDAHO 12KV IB DISC,No,No,Yes,Yes,100,500,Open,Open,0,Isolator,0,1,NULL,NULL,NULL,NULL,NULL,NULL,NULL,NULL,NULL,NULL,NULL,NULL,NULL,NULL,No,NULL,Yes,NULL,NULL,NULL,1,3312,143377,NULL,NULL,NULL,NULL,NULL,NULL,NULL,NULL,NULL,NULL,NULL,NULL,NULL,NULL,NULL,NULL,NULL,NULL,NULL,NULL,NULL,NULL,NULL,NULL,NULL,
64519,IDAHO 12KV CB,No,No,Yes,Yes,100,101,Closed,Closed,0,Normal,0,1,NULL,NULL,NULL,NULL,NULL,NULL,NULL,NULL,NULL,NULL,NULL,NULL,NULL,206655833,No,NULL,Yes,NULL,NULL,NULL,1,3312,141511,NULL,NULL,NULL,NULL,NULL,NULL,NULL,NULL,NULL,NULL,NULL,NULL,NULL,NULL,NULL,NULL,NULL,NULL,NULL,NULL,NULL,NULL,NULL,NULL,NULL,
64520,IDAHO 12KV LN DISC,No,No,Yes,Yes,101,51,Closed,Closed,0,Isolator,0,1,NULL,NULL,NULL,NULL,NULL,NULL,NULL,NULL,NULL,NULL,NULL,NULL,NULL,NULL,No,NULL,Yes,NULL,NULL,NULL,1,3312,143375,NULL,NULL,NULL,NULL,NULL,NULL,NULL,NULL,NULL,NULL,NULL,NULL,NULL,NULL,NULL,NULL,NULL,NULL,NULL,NULL,NULL,NULL,NULL,NULL,NULL,
64521,IDAHO 12KV TB DISC,No,No,Yes,Yes,51,50,Open,Open,0,Isolator,0,1,NULL,NULL,NULL,NULL,NULL,NULL,NULL,NULL,NULL,NULL,NULL,NULL,NULL,NULL,No,NULL,Yes,NULL,NULL,NULL,1,3312,103222,NULL,NULL,NULL,NULL,NULL,NULL,NULL,NULL,NULL,NULL,NULL,NULL,NULL,NULL,NULL,NULL,NULL,NULL,NULL,NULL,NULL,NULL,NULL,NULL,NULL,
64522,FONDA 12KV OB DISC,No,No,Yes,Yes,999,102,Closed,Closed,0,Isolator,0,1,NULL,NULL,NULL,NULL,NULL,NULL,NULL,NULL,NULL,NULL,NULL,NULL,NULL,NULL,No,NULL,Yes,NULL,NULL,NULL,1,3312,143343,NULL,NULL,NULL,NULL,NULL,NULL,NULL,NULL,NULL,NULL,NULL,NULL,NULL,NULL,NULL,NULL,NULL,NULL,NULL,NULL,NULL,NULL,NULL,NULL,NULL,
64523,FONDA 12KV IB DISC,No,No,Yes,Yes,102,500,Open,Open,0,Isolator,0,1,NULL,NULL,NULL,NULL,NULL,NULL,NULL,NULL,NULL,NULL,NULL,NULL,NULL,NULL,No,NULL,Yes,NULL,NULL,NULL,1,3312,143346,NULL,NULL,NULL,NULL,NULL,NULL,NULL,NULL,NULL,NULL,NULL,NULL,NULL,NULL,NULL,NULL,NULL,NULL,NULL,NULL,NULL,NULL,NULL,NULL,NULL,
64524,FONDA 12KV CB,No,No,Yes,Yes,102,103,Closed,Closed,0,Normal,0,1,NULL,NULL,NULL,NULL,NULL,NULL,NULL,NULL,NULL,NULL,NULL,NULL,NULL,206655850,No,NULL,Yes,NULL,NULL,NULL,1,3312,141466,NULL,NULL,NULL,NULL,NULL,NULL,NULL,NULL,NULL,NULL,NULL,NULL,NULL,NULL,NULL,NULL,NULL,NULL,NULL,NULL,NULL,NULL,NULL,NULL,NULL,
64525,FONDA 12KV LN DISC,No,No,Yes,Yes,103,52,Closed,Closed,0,Isolator,0,1,NULL,NULL,NULL,NULL,NULL,NULL,NULL,NULL,NULL,NULL,NULL,NULL,NULL,NULL,No,NULL,Yes,NULL,NULL,NULL,1,3312,143344,NULL,NULL,NULL,NULL,NULL,NULL,NULL,NULL,NULL,NULL,NULL,NULL,NULL,NULL,NULL,NULL,NULL,NULL,NULL,NULL,NULL,NULL,NULL,NULL,NULL,
64526,FONDA 12KV TB DISC,No,No,Yes,Yes,52,50,Open,Open,0,Isolator,0,1,NULL,NULL,NULL,NULL,NULL,NULL,NULL,NULL,NULL,NULL,NULL,NULL,NULL,NULL,No,NULL,Yes,NULL,NULL,NULL,1,3312,117051,NULL,NULL,NULL,NULL,NULL,NULL,NULL,NULL,NULL,NULL,NULL,NULL,NULL,NULL,NULL,NULL,NULL,NULL,NULL,NULL,NULL,NULL,NULL,NULL,NULL,
64527,RONWOOD 12KV OB DISC,No,No,Yes,Yes,999,104,Closed,Closed,0,Isolator,0,1,NULL,NULL,NULL,NULL,NULL,NULL,NULL,NULL,NULL,NULL,NULL,NULL,NULL,NULL,No,NULL,Yes,NULL,NULL,NULL,1,3312,143378,NULL,NULL,NULL,NULL,NULL,NULL,NULL,NULL,NULL,NULL,NULL,NULL,NULL,NULL,NULL,NULL,NULL,NULL,NULL,NULL,NULL,NULL,NULL,NULL,NULL,
64528,RONWOOD 12KV IB DISC,No,No,Yes,Yes,104,500,Open,Open,0,Isolator,0,1,NULL,NULL,NULL,NULL,NULL,NULL,NULL,NULL,NULL,NULL,NULL,NULL,NULL,NULL,No,NULL,Yes,NULL,NULL,NULL,1,3312,143381,NULL,NULL,NULL,NULL,NULL,NULL,NULL,NULL,NULL,NULL,NULL,NULL,NULL,NULL,NULL,NULL,NULL,NULL,NULL,NULL,NULL,NULL,NULL,NULL,NULL,
64529,RONWOOD 12KV CB,No,No,Yes,Yes,104,105,Closed,Closed,0,Normal,0,1,NULL,NULL,NULL,NULL,NULL,NULL,NULL,NULL,NULL,NULL,NULL,NULL,NULL,206655865,No,NULL,Yes,NULL,NULL,NULL,1,3312,141520,NULL,NULL,NULL,NULL,NULL,NULL,NULL,NULL,NULL,NULL,NULL,NULL,NULL,NULL,NULL,NULL,NULL,NULL,NULL,NULL,NULL,NULL,NULL,NULL,NULL,
64530,RONWOOD 12KV LN DISC,No,No,Yes,Yes,105,53,Closed,Closed,0,Isolator,0,1,NULL,NULL,NULL,NULL,NULL,NULL,NULL,NULL,NULL,NULL,NULL,NULL,NULL,NULL,No,NULL,Yes,NULL,NULL,NULL,1,3312,143379,NULL,NULL,NULL,NULL,NULL,NULL,NULL,NULL,NULL,NULL,NULL,NULL,NULL,NULL,NULL,NULL,NULL,NULL,NULL,NULL,NULL,NULL,NULL,NULL,NULL,
64531,RONWOOD 12KV TB DISC,No,No,Yes,Yes,53,50,Open,Open,0,Isolator,0,1,NULL,NULL,NULL,NULL,NULL,NULL,NULL,NULL,NULL,NULL,NULL,NULL,NULL,NULL,No,NULL,Yes,NULL,NULL,NULL,1,3312,143380,NULL,NULL,NULL,NULL,NULL,NULL,NULL,NULL,NULL,NULL,NULL,NULL,NULL,NULL,NULL,NULL,NULL,NULL,NULL,NULL,NULL,NULL,NULL,NULL,NULL,
64532,MEMORY 12KV OB DISC,No,No,Yes,Yes,999,106,Closed,Closed,0,Isolator,0,1,NULL,NULL,NULL,NULL,NULL,NULL,NULL,NULL,NULL,NULL,NULL,NULL,NULL,NULL,No,NULL,Yes,NULL,NULL,NULL,1,3312,143390,NULL,NULL,NULL,NULL,NULL,NULL,NULL,NULL,NULL,NULL,NULL,NULL,NULL,NULL,NULL,NULL,NULL,NULL,NULL,NULL,NULL,NULL,NULL,NULL,NULL,
64533,MEMORY 12KV IB DISC,No,No,Yes,Yes,106,500,Open,Open,0,Isolator,0,1,NULL,NULL,NULL,NULL,NULL,NULL,NULL,NULL,NULL,NULL,NULL,NULL,NULL,NULL,No,NULL,Yes,NULL,NULL,NULL,1,3312,143393,NULL,NULL,NULL,NULL,NULL,NULL,NULL,NULL,NULL,NULL,NULL,NULL,NULL,NULL,NULL,NULL,NULL,NULL,NULL,NULL,NULL,NULL,NULL,NULL,NULL,
64534,MEMORY 12KV CB,No,No,Yes,Yes,106,107,Closed,Closed,0,Normal,0,1,NULL,NULL,NULL,NULL,NULL,NULL,NULL,NULL,NULL,NULL,NULL,NULL,NULL,206655878,No,NULL,Yes,NULL,NULL,NULL,1,3312,141547,NULL,NULL,NULL,NULL,NULL,NULL,NULL,NULL,NULL,NULL,NULL,NULL,NULL,NULL,NULL,NULL,NULL,NULL,NULL,NULL,NULL,NULL,NULL,NULL,NULL,
64535,MEMORY 12KV LN DISC,No,No,Yes,Yes,107,54,Closed,Closed,0,Isolator,0,1,NULL,NULL,NULL,NULL,NULL,NULL,NULL,NULL,NULL,NULL,NULL,NULL,NULL,NULL,No,NULL,Yes,NULL,NULL,NULL,1,3312,143391,NULL,NULL,NULL,NULL,NULL,NULL,NULL,NULL,NULL,NULL,NULL,NULL,NULL,NULL,NULL,NULL,NULL,NULL,NULL,NULL,NULL,NULL,NULL,NULL,NULL,
64536,MEMORY 12KV TB DISC,No,No,Yes,Yes,54,50,Open,Open,0,Isolator,0,1,NULL,NULL,NULL,NULL,NULL,NULL,NULL,NULL,NULL,NULL,NULL,NULL,NULL,NULL,No,NULL,Yes,NULL,NULL,NULL,1,3312,103224,NULL,NULL,NULL,NULL,NULL,NULL,NULL,NULL,NULL,NULL,NULL,NULL,NULL,NULL,NULL,NULL,NULL,NULL,NULL,NULL,NULL,NULL,NULL,NULL,NULL,
64537,BUS TIE B SECTION 12KV OB DISC,No,No,Yes,Yes,998,108,Closed,Closed,0,Isolator,0,1,NULL,NULL,NULL,NULL,NULL,NULL,NULL,NULL,NULL,NULL,NULL,NULL,NULL,NULL,No,NULL,Yes,NULL,NULL,NULL,1,3312,14508,NULL,NULL,NULL,NULL,NULL,NULL,NULL,NULL,NULL,NULL,NULL,NULL,NULL,NULL,NULL,NULL,NULL,NULL,NULL,NULL,NULL,NULL,NULL,NULL,NULL,
64538,BUS TIE B SECTION 12KV IB DISC,No,No,Yes,Yes,108,499,Open,Open,0,Isolator,0,1,NULL,NULL,NULL,NULL,NULL,NULL,NULL,NULL,NULL,NULL,NULL,NULL,NULL,NULL,No,NULL,Yes,NULL,NULL,NULL,1,3312,14509,NULL,NULL,NULL,NULL,NULL,NULL,NULL,NULL,NULL,NULL,NULL,NULL,NULL,NULL,NULL,NULL,NULL,NULL,NULL,NULL,NULL,NULL,NULL,NULL,NULL,
64539,BUS TIE B SECTION 12KV LN DISC,No,No,Yes,Yes,108,109,Closed,Closed,0,Isolator,0,1,NULL,NULL,NULL,NULL,NULL,NULL,NULL,NULL,NULL,NULL,NULL,NULL,NULL,NULL,No,NULL,Yes,NULL,NULL,NULL,1,3312,14510,NULL,NULL,NULL,NULL,NULL,NULL,NULL,NULL,NULL,NULL,NULL,NULL,NULL,NULL,NULL,NULL,NULL,NULL,NULL,NULL,NULL,NULL,NULL,NULL,NULL,
64540,BUS TIE B SECTION 12KV CB,No,No,Yes,Yes,109,55,Closed,Closed,0,Normal,0,1,NULL,NULL,NULL,NULL,NULL,NULL,NULL,NULL,NULL,NULL,NULL,NULL,NULL,206655907,No,NULL,Yes,NULL,NULL,NULL,1,3312,285267,NULL,NULL,NULL,NULL,NULL,NULL,NULL,NULL,NULL,NULL,NULL,NULL,NULL,NULL,NULL,NULL,NULL,NULL,NULL,NULL,NULL,NULL,NULL,NULL,NULL,
64541,BUS TIE B SECTION 12KV TB DISC,No,No,Yes,Yes,55,50,Closed,Closed,0,Isolator,0,1,NULL,NULL,NULL,NULL,NULL,NULL,NULL,NULL,NULL,NULL,NULL,NULL,NULL,NULL,No,NULL,Yes,NULL,NULL,NULL,1,3312,14511,NULL,NULL,NULL,NULL,NULL,NULL,NULL,NULL,NULL,NULL,NULL,NULL,NULL,NULL,NULL,NULL,NULL,NULL,NULL,NULL,NULL,NULL,NULL,NULL,NULL,
64542,NO.1 BANK 12KV OB DISC,No,No,Yes,Yes,997,110,Closed,Closed,0,Isolator,0,1,NULL,NULL,NULL,NULL,NULL,NULL,NULL,NULL,NULL,NULL,NULL,NULL,NULL,NULL,No,NULL,Yes,NULL,NULL,NULL,1,3312,143355,NULL,NULL,NULL,NULL,NULL,NULL,NULL,NULL,NULL,NULL,NULL,NULL,NULL,NULL,NULL,NULL,NULL,NULL,NULL,NULL,NULL,NULL,NULL,NULL,NULL,
64543,NO.1 BANK 12KV IB DISC,No,No,Yes,Yes,110,498,Open,Open,0,Isolator,0,1,NULL,NULL,NULL,NULL,NULL,NULL,NULL,NULL,NULL,NULL,NULL,NULL,NULL,NULL,No,NULL,Yes,NULL,NULL,NULL,1,3312,143358,NULL,NULL,NULL,NULL,NULL,NULL,NULL,NULL,NULL,NULL,NULL,NULL,NULL,NULL,NULL,NULL,NULL,NULL,NULL,NULL,NULL,NULL,NULL,NULL,NULL,
64544,NO.1 BANK 12KV CB,No,No,Yes,Yes,110,111,Closed,Closed,0,Normal,0,1,NULL,NULL,NULL,NULL,NULL,NULL,NULL,NULL,NULL,NULL,NULL,NULL,NULL,206655931,No,NULL,Yes,NULL,NULL,NULL,1,3312,141403,NULL,NULL,NULL,NULL,NULL,NULL,NULL,NULL,NULL,NULL,NULL,NULL,NULL,NULL,NULL,NULL,NULL,NULL,NULL,NULL,NULL,NULL,NULL,NULL,NULL,
64545,NO.1 BANK 12KV LN DISC,No,No,Yes,Yes,111,56,Closed,Closed,0,Isolator,0,1,NULL,NULL,NULL,NULL,NULL,NULL,NULL,NULL,NULL,NULL,NULL,NULL,NULL,NULL,No,NULL,Yes,NULL,NULL,NULL,1,3312,143356,NULL,NULL,NULL,NULL,NULL,NULL,NULL,NULL,NULL,NULL,NULL,NULL,NULL,NULL,NULL,NULL,NULL,NULL,NULL,NULL,NULL,NULL,NULL,NULL,NULL,
64546,NO.1 BANK 12KV TB DISC,No,No,Yes,Yes,56,50,Open,Open,0,Isolator,0,1,NULL,NULL,NULL,NULL,NULL,NULL,NULL,NULL,NULL,NULL,NULL,NULL,NULL,NULL,No,NULL,Yes,NULL,NULL,NULL,1,3312,143357,NULL,NULL,NULL,NULL,NULL,NULL,NULL,NULL,NULL,NULL,NULL,NULL,NULL,NULL,NULL,NULL,NULL,NULL,NULL,NULL,NULL,NULL,NULL,NULL,NULL,
64547,DITWOOD 12KV OB DISC,No,No,Yes,Yes,997,112,Closed,Closed,0,Isolator,0,1,NULL,NULL,NULL,NULL,NULL,NULL,NULL,NULL,NULL,NULL,NULL,NULL,NULL,NULL,No,NULL,Yes,NULL,NULL,NULL,1,3312,143366,NULL,NULL,NULL,NULL,NULL,NULL,NULL,NULL,NULL,NULL,NULL,NULL,NULL,NULL,NULL,NULL,NULL,NULL,NULL,NULL,NULL,NULL,NULL,NULL,NULL,
64548,DITWOOD 12KV IB DISC,No,No,Yes,Yes,112,498,Open,Open,0,Isolator,0,1,NULL,NULL,NULL,NULL,NULL,NULL,NULL,NULL,NULL,NULL,NULL,NULL,NULL,NULL,No,NULL,Yes,NULL,NULL,NULL,1,3312,143369,NULL,NULL,NULL,NULL,NULL,NULL,NULL,NULL,NULL,NULL,NULL,NULL,NULL,NULL,NULL,NULL,NULL,NULL,NULL,NULL,NULL,NULL,NULL,NULL,NULL,
64549,DITWOOD 12KV CB,No,No,Yes,Yes,112,113,Closed,Closed,0,Normal,0,1,NULL,NULL,NULL,NULL,NULL,NULL,NULL,NULL,NULL,NULL,NULL,NULL,NULL,206655939,No,NULL,Yes,NULL,NULL,NULL,1,3312,141493,NULL,NULL,NULL,NULL,NULL,NULL,NULL,NULL,NULL,NULL,NULL,NULL,NULL,NULL,NULL,NULL,NULL,NULL,NULL,NULL,NULL,NULL,NULL,NULL,NULL,
64550,DITWOOD 12KV LN DISC,No,No,Yes,Yes,113,57,Closed,Closed,0,Isolator,0,1,NULL,NULL,NULL,NULL,NULL,NULL,NULL,NULL,NULL,NULL,NULL,NULL,NULL,NULL,No,NULL,Yes,NULL,NULL,NULL,1,3312,143367,NULL,NULL,NULL,NULL,NULL,NULL,NULL,NULL,NULL,NULL,NULL,NULL,NULL,NULL,NULL,NULL,NULL,NULL,NULL,NULL,NULL,NULL,NULL,NULL,NULL,
64551,DITWOOD 12KV TB DISC,No,No,Yes,Yes,57,50,Open,Open,0,Isolator,0,1,NULL,NULL,NULL,NULL,NULL,NULL,NULL,NULL,NULL,NULL,NULL,NULL,NULL,NULL,No,NULL,Yes,NULL,NULL,NULL,1,3312,117063,NULL,NULL,NULL,NULL,NULL,NULL,NULL,NULL,NULL,NULL,NULL,NULL,NULL,NULL,NULL,NULL,NULL,NULL,NULL,NULL,NULL,NULL,NULL,NULL,NULL,
64552,BRIDE 12KV OB DISC,No,No,Yes,Yes,997,114,Closed,Closed,0,Isolator,0,1,NULL,NULL,NULL,NULL,NULL,NULL,NULL,NULL,NULL,NULL,NULL,NULL,NULL,NULL,No,NULL,Yes,NULL,NULL,NULL,1,3312,143370,NULL,NULL,NULL,NULL,NULL,NULL,NULL,NULL,NULL,NULL,NULL,NULL,NULL,NULL,NULL,NULL,NULL,NULL,NULL,NULL,NULL,NULL,NULL,NULL,NULL,
64553,BRIDE 12KV IB DISC,No,No,Yes,Yes,114,498,Open,Open,0,Isolator,0,1,NULL,NULL,NULL,NULL,NULL,NULL,NULL,NULL,NULL,NULL,NULL,NULL,NULL,NULL,No,NULL,Yes,NULL,NULL,NULL,1,3312,143373,NULL,NULL,NULL,NULL,NULL,NULL,NULL,NULL,NULL,NULL,NULL,NULL,NULL,NULL,NULL,NULL,NULL,NULL,NULL,NULL,NULL,NULL,NULL,NULL,NULL,
64554,BRIDE 12KV CB,No,No,Yes,Yes,114,115,Closed,Closed,0,Normal,0,1,NULL,NULL,NULL,NULL,NULL,NULL,NULL,NULL,NULL,NULL,NULL,NULL,NULL,206655947,No,NULL,Yes,NULL,NULL,NULL,1,3312,141502,NULL,NULL,NULL,NULL,NULL,NULL,NULL,NULL,NULL,NULL,NULL,NULL,NULL,NULL,NULL,NULL,NULL,NULL,NULL,NULL,NULL,NULL,NULL,NULL,NULL,
64555,BRIDE 12KV LN DISC,No,No,Yes,Yes,115,58,Closed,Closed,0,Isolator,0,1,NULL,NULL,NULL,NULL,NULL,NULL,NULL,NULL,NULL,NULL,NULL,NULL,NULL,NULL,No,NULL,Yes,NULL,NULL,NULL,1,3312,143371,NULL,NULL,NULL,NULL,NULL,NULL,NULL,NULL,NULL,NULL,NULL,NULL,NULL,NULL,NULL,NULL,NULL,NULL,NULL,NULL,NULL,NULL,NULL,NULL,NULL,
64556,BRIDE 12KV TB DISC,No,No,Yes,Yes,58,50,Open,Open,0,Isolator,0,1,NULL,NULL,NULL,NULL,NULL,NULL,NULL,NULL,NULL,NULL,NULL,NULL,NULL,NULL,No,NULL,Yes,NULL,NULL,NULL,1,3312,103221,NULL,NULL,NULL,NULL,NULL,NULL,NULL,NULL,NULL,NULL,NULL,NULL,NULL,NULL,NULL,NULL,NULL,NULL,NULL,NULL,NULL,NULL,NULL,NULL,NULL,
64557,GASTON 12KV OB DISC,No,No,Yes,Yes,997,116,Closed,Closed,0,Isolator,0,1,NULL,NULL,NULL,NULL,NULL,NULL,NULL,NULL,NULL,NULL,NULL,NULL,NULL,NULL,No,NULL,Yes,NULL,NULL,NULL,1,3312,143351,NULL,NULL,NULL,NULL,NULL,NULL,NULL,NULL,NULL,NULL,NULL,NULL,NULL,NULL,NULL,NULL,NULL,NULL,NULL,NULL,NULL,NULL,NULL,NULL,NULL,
64558,GASTON 12KV IB DISC,No,No,Yes,Yes,116,498,Open,Open,0,Isolator,0,1,NULL,NULL,NULL,NULL,NULL,NULL,NULL,NULL,NULL,NULL,NULL,NULL,NULL,NULL,No,NULL,Yes,NULL,NULL,NULL,1,3312,143354,NULL,NULL,NULL,NULL,NULL,NULL,NULL,NULL,NULL,NULL,NULL,NULL,NULL,NULL,NULL,NULL,NULL,NULL,NULL,NULL,NULL,NULL,NULL,NULL,NULL,
64559,GASTON 12KV CB,No,No,Yes,Yes,116,117,Closed,Closed,0,Normal,0,1,NULL,NULL,NULL,NULL,NULL,NULL,NULL,NULL,NULL,NULL,NULL,NULL,NULL,206655949,No,NULL,Yes,NULL,NULL,NULL,1,3312,141484,NULL,NULL,NULL,NULL,NULL,NULL,NULL,NULL,NULL,NULL,NULL,NULL,NULL,NULL,NULL,NULL,NULL,NULL,NULL,NULL,NULL,NULL,NULL,NULL,NULL,
64560,GASTON 12KV LN DISC,No,No,Yes,Yes,117,59,Closed,Closed,0,Isolator,0,1,NULL,NULL,NULL,NULL,NULL,NULL,NULL,NULL,NULL,NULL,NULL,NULL,NULL,NULL,No,NULL,Yes,NULL,NULL,NULL,1,3312,143352,NULL,NULL,NULL,NULL,NULL,NULL,NULL,NULL,NULL,NULL,NULL,NULL,NULL,NULL,NULL,NULL,NULL,NULL,NULL,NULL,NULL,NULL,NULL,NULL,NULL,
64561,GASTON 12KV TB DISC,No,No,Yes,Yes,59,50,Open,Open,0,Isolator,0,1,NULL,NULL,NULL,NULL,NULL,NULL,NULL,NULL,NULL,NULL,NULL,NULL,NULL,NULL,No,NULL,Yes,NULL,NULL,NULL,1,3312,117059,NULL,NULL,NULL,NULL,NULL,NULL,NULL,NULL,NULL,NULL,NULL,NULL,NULL,NULL,NULL,NULL,NULL,NULL,NULL,NULL,NULL,NULL,NULL,NULL,NULL,
64562,TONNER 12KV OB DISC,No,No,Yes,Yes,997,118,Closed,Closed,0,Isolator,0,1,NULL,NULL,NULL,NULL,NULL,NULL,NULL,NULL,NULL,NULL,NULL,NULL,NULL,NULL,No,NULL,Yes,NULL,NULL,NULL,1,3312,143347,NULL,NULL,NULL,NULL,NULL,NULL,NULL,NULL,NULL,NULL,NULL,NULL,NULL,NULL,NULL,NULL,NULL,NULL,NULL,NULL,NULL,NULL,NULL,NULL,NULL,
64563,TONNER 12KV IB DISC,No,No,Yes,Yes,118,498,Open,Open,0,Isolator,0,1,NULL,NULL,NULL,NULL,NULL,NULL,NULL,NULL,NULL,NULL,NULL,NULL,NULL,NULL,No,NULL,Yes,NULL,NULL,NULL,1,3312,143350,NULL,NULL,NULL,NULL,NULL,NULL,NULL,NULL,NULL,NULL,NULL,NULL,NULL,NULL,NULL,NULL,NULL,NULL,NULL,NULL,NULL,NULL,NULL,NULL,NULL,
64564,TONNER 12KV CB,No,No,Yes,Yes,118,119,Closed,Closed,0,Normal,0,1,NULL,NULL,NULL,NULL,NULL,NULL,NULL,NULL,NULL,NULL,NULL,NULL,NULL,206655978,No,NULL,Yes,NULL,NULL,NULL,1,3312,141475,NULL,NULL,NULL,NULL,NULL,NULL,NULL,NULL,NULL,NULL,NULL,NULL,NULL,NULL,NULL,NULL,NULL,NULL,NULL,NULL,NULL,NULL,NULL,NULL,NULL,
64565,TONNER 12KV LN DISC,No,No,Yes,Yes,119,60,Closed,Closed,0,Isolator,0,1,NULL,NULL,NULL,NULL,NULL,NULL,NULL,NULL,NULL,NULL,NULL,NULL,NULL,NULL,No,NULL,Yes,NULL,NULL,NULL,1,3312,143348,NULL,NULL,NULL,NULL,NULL,NULL,NULL,NULL,NULL,NULL,NULL,NULL,NULL,NULL,NULL,NULL,NULL,NULL,NULL,NULL,NULL,NULL,NULL,NULL,NULL,
64566,TONNER 12KV TB DISC,No,No,Yes,Yes,60,50,Open,Open,0,Isolator,0,1,NULL,NULL,NULL,NULL,NULL,NULL,NULL,NULL,NULL,NULL,NULL,NULL,NULL,NULL,No,NULL,Yes,NULL,NULL,NULL,1,3312,117054,NULL,NULL,NULL,NULL,NULL,NULL,NULL,NULL,NULL,NULL,NULL,NULL,NULL,NULL,NULL,NULL,NULL,NULL,NULL,NULL,NULL,NULL,NULL,NULL,NULL,
64567,BUS PARALLEL 12KV OB DISC,No,No,Yes,Yes,997,120,Closed,Closed,0,Isolator,0,1,NULL,NULL,NULL,NULL,NULL,NULL,NULL,NULL,NULL,NULL,NULL,NULL,NULL,NULL,No,NULL,Yes,NULL,NULL,NULL,1,3312,143359,NULL,NULL,NULL,NULL,NULL,NULL,NULL,NULL,NULL,NULL,NULL,NULL,NULL,NULL,NULL,NULL,NULL,NULL,NULL,NULL,NULL,NULL,NULL,NULL,NULL,
64568,BUS PARALLEL 12KV CB,No,No,Yes,Yes,120,121,Open,Open,0,Normal,0,1,NULL,NULL,NULL,NULL,NULL,NULL,NULL,NULL,NULL,NULL,NULL,NULL,NULL,206656021,No,NULL,Yes,NULL,NULL,NULL,1,3312,285248,NULL,NULL,NULL,NULL,NULL,NULL,NULL,NULL,NULL,NULL,NULL,NULL,NULL,NULL,NULL,NULL,NULL,NULL,NULL,NULL,NULL,NULL,NULL,NULL,NULL,
64569,BUS PARALLEL 12KV IB DISC,No,No,Yes,Yes,121,498,Closed,Closed,0,Isolator,0,1,NULL,NULL,NULL,NULL,NULL,NULL,NULL,NULL,NULL,NULL,NULL,NULL,NULL,NULL,No,NULL,Yes,NULL,NULL,NULL,1,3312,143360,NULL,NULL,NULL,NULL,NULL,NULL,NULL,NULL,NULL,NULL,NULL,NULL,NULL,NULL,NULL,NULL,NULL,NULL,NULL,NULL,NULL,NULL,NULL,NULL,NULL,
64570,TB12 DSC,No,No,Yes,Yes,50,49,Open,Open,0,Isolator,0,1,NULL,NULL,NULL,NULL,NULL,NULL,NULL,NULL,NULL,NULL,NULL,NULL,NULL,NULL,No,NULL,Yes,NULL,NULL,NULL,1,3312,143361,NULL,NULL,NULL,NULL,NULL,NULL,NULL,NULL,NULL,NULL,NULL,NULL,NULL,NULL,NULL,NULL,NULL,NULL,NULL,NULL,NULL,NULL,NULL,NULL,NULL,
64571,NO.2 BANK 12KV OB DISC,No,No,Yes,Yes,997,122,Open,Open,0,Isolator,0,1,NULL,NULL,NULL,NULL,NULL,NULL,NULL,NULL,NULL,NULL,NULL,NULL,NULL,NULL,No,NULL,Yes,NULL,NULL,NULL,1,3312,143362,NULL,NULL,NULL,NULL,NULL,NULL,NULL,NULL,NULL,NULL,NULL,NULL,NULL,NULL,NULL,NULL,NULL,NULL,NULL,NULL,NULL,NULL,NULL,NULL,NULL,
64572,NO.2 BANK 12KV IB DISC,No,No,Yes,Yes,122,498,Closed,Closed,0,Isolator,0,1,NULL,NULL,NULL,NULL,NULL,NULL,NULL,NULL,NULL,NULL,NULL,NULL,NULL,NULL,No,NULL,Yes,NULL,NULL,NULL,1,3312,143365,NULL,NULL,NULL,NULL,NULL,NULL,NULL,NULL,NULL,NULL,NULL,NULL,NULL,NULL,NULL,NULL,NULL,NULL,NULL,NULL,NULL,NULL,NULL,NULL,NULL,
64573,NO.2 BANK 12KV CB,No,No,Yes,Yes,122,123,Closed,Closed,0,Normal,0,1,NULL,NULL,NULL,NULL,NULL,NULL,NULL,NULL,NULL,NULL,NULL,NULL,NULL,206656027,No,NULL,Yes,NULL,NULL,NULL,1,3312,141381,NULL,NULL,NULL,NULL,NULL,NULL,NULL,NULL,NULL,NULL,NULL,NULL,NULL,NULL,NULL,NULL,NULL,NULL,NULL,NULL,NULL,NULL,NULL,NULL,NULL,
64574,NO.2 BANK 12KV LN DISC,No,No,Yes,Yes,123,62,Closed,Closed,0,Isolator,0,1,NULL,NULL,NULL,NULL,NULL,NULL,NULL,NULL,NULL,NULL,NULL,NULL,NULL,NULL,No,NULL,Yes,NULL,NULL,NULL,1,3312,143363,NULL,NULL,NULL,NULL,NULL,NULL,NULL,NULL,NULL,NULL,NULL,NULL,NULL,NULL,NULL,NULL,NULL,NULL,NULL,NULL,NULL,NULL,NULL,NULL,NULL,
64575,NO.2 BANK 12KV TB DISC,No,No,Yes,Yes,62,49,Open,Open,0,Isolator,0,1,NULL,NULL,NULL,NULL,NULL,NULL,NULL,NULL,NULL,NULL,NULL,NULL,NULL,NULL,No,NULL,Yes,NULL,NULL,NULL,1,3312,143364,NULL,NULL,NULL,NULL,NULL,NULL,NULL,NULL,NULL,NULL,NULL,NULL,NULL,NULL,NULL,NULL,NULL,NULL,NULL,NULL,NULL,NULL,NULL,NULL,NULL,
64576,DEODARA 12KV OB DISC,No,No,Yes,Yes,997,124,Open,Open,0,Isolator,0,1,NULL,NULL,NULL,NULL,NULL,NULL,NULL,NULL,NULL,NULL,NULL,NULL,NULL,NULL,No,NULL,Yes,NULL,NULL,NULL,1,3312,143382,NULL,NULL,NULL,NULL,NULL,NULL,NULL,NULL,NULL,NULL,NULL,NULL,NULL,NULL,NULL,NULL,NULL,NULL,NULL,NULL,NULL,NULL,NULL,NULL,NULL,
64577,DEODARA 12KV IB DISC,No,No,Yes,Yes,124,498,Closed,Closed,0,Isolator,0,1,NULL,NULL,NULL,NULL,NULL,NULL,NULL,NULL,NULL,NULL,NULL,NULL,NULL,NULL,No,NULL,Yes,NULL,NULL,NULL,1,3312,143385,NULL,NULL,NULL,NULL,NULL,NULL,NULL,NULL,NULL,NULL,NULL,NULL,NULL,NULL,NULL,NULL,NULL,NULL,NULL,NULL,NULL,NULL,NULL,NULL,NULL,
64578,DEODARA 12KV CB,No,No,Yes,Yes,124,125,Closed,Closed,0,Normal,0,1,NULL,NULL,NULL,NULL,NULL,NULL,NULL,NULL,NULL,NULL,NULL,NULL,NULL,206656029,No,NULL,Yes,NULL,NULL,NULL,1,3312,141529,NULL,NULL,NULL,NULL,NULL,NULL,NULL,NULL,NULL,NULL,NULL,NULL,NULL,NULL,NULL,NULL,NULL,NULL,NULL,NULL,NULL,NULL,NULL,NULL,NULL,
64579,DEODARA 12KV LN DISC,No,No,Yes,Yes,125,63,Closed,Closed,0,Isolator,0,1,NULL,NULL,NULL,NULL,NULL,NULL,NULL,NULL,NULL,NULL,NULL,NULL,NULL,NULL,No,NULL,Yes,NULL,NULL,NULL,1,3312,143383,NULL,NULL,NULL,NULL,NULL,NULL,NULL,NULL,NULL,NULL,NULL,NULL,NULL,NULL,NULL,NULL,NULL,NULL,NULL,NULL,NULL,NULL,NULL,NULL,NULL,
64580,DEODARA 12KV TB DISC,No,No,Yes,Yes,63,49,Open,Open,0,Isolator,0,1,NULL,NULL,NULL,NULL,NULL,NULL,NULL,NULL,NULL,NULL,NULL,NULL,NULL,NULL,No,NULL,Yes,NULL,NULL,NULL,1,3312,143384,NULL,NULL,NULL,NULL,NULL,NULL,NULL,NULL,NULL,NULL,NULL,NULL,NULL,NULL,NULL,NULL,NULL,NULL,NULL,NULL,NULL,NULL,NULL,NULL,NULL,
64581,HAVENHURST 12KV OB DISC,No,No,Yes,Yes,997,126,Open,Open,0,Isolator,0,1,NULL,NULL,NULL,NULL,NULL,NULL,NULL,NULL,NULL,NULL,NULL,NULL,NULL,NULL,No,NULL,Yes,NULL,NULL,NULL,1,3312,14527,NULL,NULL,NULL,NULL,NULL,NULL,NULL,NULL,NULL,NULL,NULL,NULL,NULL,NULL,NULL,NULL,NULL,NULL,NULL,NULL,NULL,NULL,NULL,NULL,NULL,
64582,HAVENHURST 12KV IB DISC,No,No,Yes,Yes,126,498,Closed,Closed,0,Isolator,0,1,NULL,NULL,NULL,NULL,NULL,NULL,NULL,NULL,NULL,NULL,NULL,NULL,NULL,NULL,No,NULL,Yes,NULL,NULL,NULL,1,3312,14528,NULL,NULL,NULL,NULL,NULL,NULL,NULL,NULL,NULL,NULL,NULL,NULL,NULL,NULL,NULL,NULL,NULL,NULL,NULL,NULL,NULL,NULL,NULL,NULL,NULL,
64583,HAVENHURST 12KV CB,No,No,Yes,Yes,126,127,Closed,Closed,0,Normal,0,1,NULL,NULL,NULL,NULL,NULL,NULL,NULL,NULL,NULL,NULL,NULL,NULL,NULL,206656034,No,NULL,Yes,NULL,NULL,NULL,1,3312,14507,NULL,NULL,NULL,NULL,NULL,NULL,NULL,NULL,NULL,NULL,NULL,NULL,NULL,NULL,NULL,NULL,NULL,NULL,NULL,NULL,NULL,NULL,NULL,NULL,NULL,
64584,HAVENHURST 12KV LN DISC,No,No,Yes,Yes,127,64,Closed,Closed,0,Isolator,0,1,NULL,NULL,NULL,NULL,NULL,NULL,NULL,NULL,NULL,NULL,NULL,NULL,NULL,NULL,No,NULL,Yes,NULL,NULL,NULL,1,3312,14529,NULL,NULL,NULL,NULL,NULL,NULL,NULL,NULL,NULL,NULL,NULL,NULL,NULL,NULL,NULL,NULL,NULL,NULL,NULL,NULL,NULL,NULL,NULL,NULL,NULL,
64585,HAVENHURST 12KV TB DISC,No,No,Yes,Yes,64,49,Open,Open,0,Isolator,0,1,NULL,NULL,NULL,NULL,NULL,NULL,NULL,NULL,NULL,NULL,NULL,NULL,NULL,NULL,No,NULL,Yes,NULL,NULL,NULL,1,3312,14526,NULL,NULL,NULL,NULL,NULL,NULL,NULL,NULL,NULL,NULL,NULL,NULL,NULL,NULL,NULL,NULL,NULL,NULL,NULL,NULL,NULL,NULL,NULL,NULL,NULL,
64586,GRACE 12KV OB DISC,No,No,Yes,Yes,997,128,Open,Open,0,Isolator,0,1,NULL,NULL,NULL,NULL,NULL,NULL,NULL,NULL,NULL,NULL,NULL,NULL,NULL,NULL,No,NULL,Yes,NULL,NULL,NULL,1,3312,14530,NULL,NULL,NULL,NULL,NULL,NULL,NULL,NULL,NULL,NULL,NULL,NULL,NULL,NULL,NULL,NULL,NULL,NULL,NULL,NULL,NULL,NULL,NULL,NULL,NULL,
64587,GRACE 12KV IB DISC,No,No,Yes,Yes,128,498,Closed,Closed,0,Isolator,0,1,NULL,NULL,NULL,NULL,NULL,NULL,NULL,NULL,NULL,NULL,NULL,NULL,NULL,NULL,No,NULL,Yes,NULL,NULL,NULL,1,3312,14531,NULL,NULL,NULL,NULL,NULL,NULL,NULL,NULL,NULL,NULL,NULL,NULL,NULL,NULL,NULL,NULL,NULL,NULL,NULL,NULL,NULL,NULL,NULL,NULL,NULL,
64588,GRACE 12KV CB,No,No,Yes,Yes,128,129,Closed,Closed,0,Normal,0,1,NULL,NULL,NULL,NULL,NULL,NULL,NULL,NULL,NULL,NULL,NULL,NULL,NULL,206656039,No,NULL,Yes,NULL,NULL,NULL,1,3312,285221,NULL,NULL,NULL,NULL,NULL,NULL,NULL,NULL,NULL,NULL,NULL,NULL,NULL,NULL,NULL,NULL,NULL,NULL,NULL,NULL,NULL,NULL,NULL,NULL,NULL,
64589,GRACE 12KV LN DISC,No,No,Yes,Yes,129,65,Closed,Closed,0,Isolator,0,1,NULL,NULL,NULL,NULL,NULL,NULL,NULL,NULL,NULL,NULL,NULL,NULL,NULL,NULL,No,NULL,Yes,NULL,NULL,NULL,1,3312,14532,NULL,NULL,NULL,NULL,NULL,NULL,NULL,NULL,NULL,NULL,NULL,NULL,NULL,NULL,NULL,NULL,NULL,NULL,NULL,NULL,NULL,NULL,NULL,NULL,NULL,
64590,GRACE 12KV TB DISC,No,No,Yes,Yes,65,49,Open,Open,0,Isolator,0,1,NULL,NULL,NULL,NULL,NULL,NULL,NULL,NULL,NULL,NULL,NULL,NULL,NULL,NULL,No,NULL,Yes,NULL,NULL,NULL,1,3312,14541,NULL,NULL,NULL,NULL,NULL,NULL,NULL,NULL,NULL,NULL,NULL,NULL,NULL,NULL,NULL,NULL,NULL,NULL,NULL,NULL,NULL,NULL,NULL,NULL,NULL,
64591,TWISTER 12KV OB DISC,No,No,Yes,Yes,997,130,Open,Open,0,Isolator,0,1,NULL,NULL,NULL,NULL,NULL,NULL,NULL,NULL,NULL,NULL,NULL,NULL,NULL,NULL,No,NULL,Yes,NULL,NULL,NULL,1,3312,143386,NULL,NULL,NULL,NULL,NULL,NULL,NULL,NULL,NULL,NULL,NULL,NULL,NULL,NULL,NULL,NULL,NULL,NULL,NULL,NULL,NULL,NULL,NULL,NULL,NULL,
64592,TWISTER 12KV IB DISC,No,No,Yes,Yes,130,498,Closed,Closed,0,Isolator,0,1,NULL,NULL,NULL,NULL,NULL,NULL,NULL,NULL,NULL,NULL,NULL,NULL,NULL,NULL,No,NULL,Yes,NULL,NULL,NULL,1,3312,143389,NULL,NULL,NULL,NULL,NULL,NULL,NULL,NULL,NULL,NULL,NULL,NULL,NULL,NULL,NULL,NULL,NULL,NULL,NULL,NULL,NULL,NULL,NULL,NULL,NULL,
64593,TWISTER 12KV CB,No,No,Yes,Yes,130,131,Closed,Closed,0,Normal,0,1,NULL,NULL,NULL,NULL,NULL,NULL,NULL,NULL,NULL,NULL,NULL,NULL,NULL,206656047,No,NULL,Yes,NULL,NULL,NULL,1,3312,141538,NULL,NULL,NULL,NULL,NULL,NULL,NULL,NULL,NULL,NULL,NULL,NULL,NULL,NULL,NULL,NULL,NULL,NULL,NULL,NULL,NULL,NULL,NULL,NULL,NULL,
64594,TWISTER 12KV LN DISC,No,No,Yes,Yes,131,66,Closed,Closed,0,Isolator,0,1,NULL,NULL,NULL,NULL,NULL,NULL,NULL,NULL,NULL,NULL,NULL,NULL,NULL,NULL,No,NULL,Yes,NULL,NULL,NULL,1,3312,143387,NULL,NULL,NULL,NULL,NULL,NULL,NULL,NULL,NULL,NULL,NULL,NULL,NULL,NULL,NULL,NULL,NULL,NULL,NULL,NULL,NULL,NULL,NULL,NULL,NULL,
64595,TWISTER 12KV TB DISC,No,No,Yes,Yes,66,49,Open,Open,0,Isolator,0,1,NULL,NULL,NULL,NULL,NULL,NULL,NULL,NULL,NULL,NULL,NULL,NULL,NULL,NULL,No,NULL,Yes,NULL,NULL,NULL,1,3312,103223,NULL,NULL,NULL,NULL,NULL,NULL,NULL,NULL,NULL,NULL,NULL,NULL,NULL,NULL,NULL,NULL,NULL,NULL,NULL,NULL,NULL,NULL,NULL,NULL,NULL,
64596,BUS TIE D SECTION 12KV OB DISC,No,No,Yes,Yes,996,132,Open,Open,0,Isolator,0,1,NULL,NULL,NULL,NULL,NULL,NULL,NULL,NULL,NULL,NULL,NULL,NULL,NULL,NULL,No,NULL,Yes,NULL,NULL,NULL,1,3312,14513,NULL,NULL,NULL,NULL,NULL,NULL,NULL,NULL,NULL,NULL,NULL,NULL,NULL,NULL,NULL,NULL,NULL,NULL,NULL,NULL,NULL,NULL,NULL,NULL,NULL,
64597,BUS TIE D SECTION 12KV IB DISC,No,No,Yes,Yes,132,497,Closed,Closed,0,Isolator,0,1,NULL,NULL,NULL,NULL,NULL,NULL,NULL,NULL,NULL,NULL,NULL,NULL,NULL,NULL,No,NULL,Yes,NULL,NULL,NULL,1,3312,14514,NULL,NULL,NULL,NULL,NULL,NULL,NULL,NULL,NULL,NULL,NULL,NULL,NULL,NULL,NULL,NULL,NULL,NULL,NULL,NULL,NULL,NULL,NULL,NULL,NULL,
64598,BUS TIE D SECTION 12KV LN DISC,No,No,Yes,Yes,132,133,Closed,Closed,0,Isolator,0,1,NULL,NULL,NULL,NULL,NULL,NULL,NULL,NULL,NULL,NULL,NULL,NULL,NULL,NULL,No,NULL,Yes,NULL,NULL,NULL,1,3312,14512,NULL,NULL,NULL,NULL,NULL,NULL,NULL,NULL,NULL,NULL,NULL,NULL,NULL,NULL,NULL,NULL,NULL,NULL,NULL,NULL,NULL,NULL,NULL,NULL,NULL,
64599,BUS TIE D SECTION 12KV CB,No,No,Yes,Yes,133,67,Closed,Closed,0,Normal,0,1,NULL,NULL,NULL,NULL,NULL,NULL,NULL,NULL,NULL,NULL,NULL,NULL,NULL,206656054,No,NULL,Yes,NULL,NULL,NULL,1,3312,285278,NULL,NULL,NULL,NULL,NULL,NULL,NULL,NULL,NULL,NULL,NULL,NULL,NULL,NULL,NULL,NULL,NULL,NULL,NULL,NULL,NULL,NULL,NULL,NULL,NULL,
64600,BUS TIE D SECTION 12KV TB DISC,No,No,Yes,Yes,67,49,Closed,Closed,0,Isolator,0,1,NULL,NULL,NULL,NULL,NULL,NULL,NULL,NULL,NULL,NULL,NULL,NULL,NULL,NULL,No,NULL,Yes,NULL,NULL,NULL,1,3312,14525,NULL,NULL,NULL,NULL,NULL,NULL,NULL,NULL,NULL,NULL,NULL,NULL,NULL,NULL,NULL,NULL,NULL,NULL,NULL,NULL,NULL,NULL,NULL,NULL,NULL,
64601,COLFAX 12KV OB DISC,No,No,Yes,Yes,995,134,Open,Open,0,Isolator,0,1,NULL,NULL,NULL,NULL,NULL,NULL,NULL,NULL,NULL,NULL,NULL,NULL,NULL,NULL,No,NULL,Yes,NULL,NULL,NULL,1,3312,143335,NULL,NULL,NULL,NULL,NULL,NULL,NULL,NULL,NULL,NULL,NULL,NULL,NULL,NULL,NULL,NULL,NULL,NULL,NULL,NULL,NULL,NULL,NULL,NULL,NULL,
64602,COLFAX 12KV IB DISC,No,No,Yes,Yes,134,496,Closed,Closed,0,Isolator,0,1,NULL,NULL,NULL,NULL,NULL,NULL,NULL,NULL,NULL,NULL,NULL,NULL,NULL,NULL,No,NULL,Yes,NULL,NULL,NULL,1,3312,143338,NULL,NULL,NULL,NULL,NULL,NULL,NULL,NULL,NULL,NULL,NULL,NULL,NULL,NULL,NULL,NULL,NULL,NULL,NULL,NULL,NULL,NULL,NULL,NULL,NULL,
64603,COLFAX 12KV CB,No,No,Yes,Yes,134,135,Closed,Closed,0,Normal,0,1,NULL,NULL,NULL,NULL,NULL,NULL,NULL,NULL,NULL,NULL,NULL,NULL,NULL,206656058,No,NULL,Yes,NULL,NULL,NULL,1,3312,141448,NULL,NULL,NULL,NULL,NULL,NULL,NULL,NULL,NULL,NULL,NULL,NULL,NULL,NULL,NULL,NULL,NULL,NULL,NULL,NULL,NULL,NULL,NULL,NULL,NULL,
64604,COLFAX 12KV LN DISC,No,No,Yes,Yes,135,68,Closed,Closed,0,Isolator,0,1,NULL,NULL,NULL,NULL,NULL,NULL,NULL,NULL,NULL,NULL,NULL,NULL,NULL,NULL,No,NULL,Yes,NULL,NULL,NULL,1,3312,143336,NULL,NULL,NULL,NULL,NULL,NULL,NULL,NULL,NULL,NULL,NULL,NULL,NULL,NULL,NULL,NULL,NULL,NULL,NULL,NULL,NULL,NULL,NULL,NULL,NULL,
64605,COLFAX 12KV TB DISC,No,No,Yes,Yes,68,49,Open,Open,0,Isolator,0,1,NULL,NULL,NULL,NULL,NULL,NULL,NULL,NULL,NULL,NULL,NULL,NULL,NULL,NULL,No,NULL,Yes,NULL,NULL,NULL,1,3312,117042,NULL,NULL,NULL,NULL,NULL,NULL,NULL,NULL,NULL,NULL,NULL,NULL,NULL,NULL,NULL,NULL,NULL,NULL,NULL,NULL,NULL,NULL,NULL,NULL,NULL,
64606,PENMAR 12KV OB DISC,No,No,Yes,Yes,995,136,Open,Open,0,Isolator,0,1,NULL,NULL,NULL,NULL,NULL,NULL,NULL,NULL,NULL,NULL,NULL,NULL,NULL,NULL,No,NULL,Yes,NULL,NULL,NULL,1,3312,143339,NULL,NULL,NULL,NULL,NULL,NULL,NULL,NULL,NULL,NULL,NULL,NULL,NULL,NULL,NULL,NULL,NULL,NULL,NULL,NULL,NULL,NULL,NULL,NULL,NULL,
64609,PENMAR 12KV IB DISC,No,No,Yes,Yes,136,496,Closed,Closed,0,Isolator,0,1,NULL,NULL,NULL,NULL,NULL,NULL,NULL,NULL,NULL,NULL,NULL,NULL,NULL,NULL,No,NULL,Yes,NULL,NULL,NULL,1,3312,143342,NULL,NULL,NULL,NULL,NULL,NULL,NULL,NULL,NULL,NULL,NULL,NULL,NULL,NULL,NULL,NULL,NULL,NULL,NULL,NULL,NULL,NULL,NULL,NULL,NULL,
64610,PENMAR 12KV CB,No,No,Yes,Yes,136,137,Closed,Closed,0,Normal,0,1,NULL,NULL,NULL,NULL,NULL,NULL,NULL,NULL,NULL,NULL,NULL,NULL,NULL,206656061,No,NULL,Yes,NULL,NULL,NULL,1,3312,141457,NULL,NULL,NULL,NULL,NULL,NULL,NULL,NULL,NULL,NULL,NULL,NULL,NULL,NULL,NULL,NULL,NULL,NULL,NULL,NULL,NULL,NULL,NULL,NULL,NULL,
64611,PENMAR 12KV LN DISC,No,No,Yes,Yes,137,69,Closed,Closed,0,Isolator,0,1,NULL,NULL,NULL,NULL,NULL,NULL,NULL,NULL,NULL,NULL,NULL,NULL,NULL,NULL,No,NULL,Yes,NULL,NULL,NULL,1,3312,143340,NULL,NULL,NULL,NULL,NULL,NULL,NULL,NULL,NULL,NULL,NULL,NULL,NULL,NULL,NULL,NULL,NULL,NULL,NULL,NULL,NULL,NULL,NULL,NULL,NULL,
64612,PENMAR 12KV TB DISC,No,No,Yes,Yes,69,49,Open,Open,0,Isolator,0,1,NULL,NULL,NULL,NULL,NULL,NULL,NULL,NULL,NULL,NULL,NULL,NULL,NULL,NULL,No,NULL,Yes,NULL,NULL,NULL,1,3312,117047,NULL,NULL,NULL,NULL,NULL,NULL,NULL,NULL,NULL,NULL,NULL,NULL,NULL,NULL,NULL,NULL,NULL,NULL,NULL,NULL,NULL,NULL,NULL,NULL,NULL,
72607,CANCUN 12KV OB DISC,No,No,Yes,Yes,999,100,Closed,Closed,0,Isolator,0,1,NULL,NULL,NULL,NULL,NULL,NULL,NULL,NULL,NULL,NULL,NULL,NULL,NULL,NULL,No,NULL,Yes,NULL,NULL,NULL,1,3464,12277,NULL,NULL,NULL,NULL,NULL,NULL,NULL,NULL,NULL,NULL,NULL,NULL,NULL,NULL,NULL,NULL,NULL,NULL,NULL,NULL,NULL,NULL,NULL,NULL,NULL,
72608,CANCUN 12KV IB DISC,No,No,Yes,Yes,100,500,Open,Open,0,Normal,0,1,NULL,NULL,NULL,NULL,NULL,NULL,NULL,NULL,NULL,NULL,NULL,NULL,NULL,NULL,No,NULL,Yes,NULL,NULL,NULL,1,3464,12278,NULL,NULL,NULL,NULL,NULL,NULL,NULL,NULL,NULL,NULL,NULL,NULL,NULL,NULL,NULL,NULL,NULL,NULL,NULL,NULL,NULL,NULL,NULL,NULL,NULL,
72609,CANCUN 12KV CB,No,No,Yes,Yes,100,101,Closed,Closed,0,Normal,0,1,NULL,NULL,NULL,NULL,NULL,NULL,NULL,NULL,NULL,NULL,NULL,NULL,NULL,206600671,No,NULL,Yes,NULL,NULL,NULL,1,3464,11966,NULL,NULL,NULL,NULL,NULL,NULL,NULL,NULL,NULL,NULL,NULL,NULL,NULL,NULL,NULL,NULL,NULL,NULL,NULL,NULL,NULL,NULL,NULL,NULL,NULL,
72610,CANCUN 12KV LN DISC,No,No,Yes,Yes,101,7,Closed,Closed,0,Isolator,0,1,NULL,NULL,NULL,NULL,NULL,NULL,NULL,NULL,NULL,NULL,NULL,NULL,NULL,NULL,No,NULL,Yes,NULL,NULL,NULL,1,3464,12279,NULL,NULL,NULL,NULL,NULL,NULL,NULL,NULL,NULL,NULL,NULL,NULL,NULL,NULL,NULL,NULL,NULL,NULL,NULL,NULL,NULL,NULL,NULL,NULL,NULL,
72611,CANCUN 12KV TB DISC,No,No,Yes,Yes,7,50,Open,Open,0,Isolator,0,1,NULL,NULL,NULL,NULL,NULL,NULL,NULL,NULL,NULL,NULL,NULL,NULL,NULL,NULL,No,NULL,Yes,NULL,NULL,NULL,1,3464,12280,NULL,NULL,NULL,NULL,NULL,NULL,NULL,NULL,NULL,NULL,NULL,NULL,NULL,NULL,NULL,NULL,NULL,NULL,NULL,NULL,NULL,NULL,NULL,NULL,NULL,
72612,BAJA 12KV OB DISC,No,No,Yes,Yes,999,102,Closed,Closed,0,Normal,0,1,NULL,NULL,NULL,NULL,NULL,NULL,NULL,NULL,NULL,NULL,NULL,NULL,NULL,NULL,No,NULL,Yes,NULL,NULL,NULL,1,3464,298,NULL,NULL,NULL,NULL,NULL,NULL,NULL,NULL,NULL,NULL,NULL,NULL,NULL,NULL,NULL,NULL,NULL,NULL,NULL,NULL,NULL,NULL,NULL,NULL,NULL,
72613,BAJA 12KV IB DISC,No,No,Yes,Yes,102,500,Open,Open,0,Isolator,0,1,NULL,NULL,NULL,NULL,NULL,NULL,NULL,NULL,NULL,NULL,NULL,NULL,NULL,NULL,No,NULL,Yes,NULL,NULL,NULL,1,3464,186154,NULL,NULL,NULL,NULL,NULL,NULL,NULL,NULL,NULL,NULL,NULL,NULL,NULL,NULL,NULL,NULL,NULL,NULL,NULL,NULL,NULL,NULL,NULL,NULL,NULL,
72614,BAJA 12KV CB,No,No,Yes,Yes,102,103,Closed,Closed,0,Normal,0,1,NULL,NULL,NULL,NULL,NULL,NULL,NULL,NULL,NULL,NULL,NULL,NULL,NULL,200007170,No,NULL,Yes,NULL,NULL,NULL,1,3464,196135,NULL,NULL,NULL,NULL,NULL,NULL,NULL,NULL,NULL,NULL,NULL,NULL,NULL,NULL,NULL,NULL,NULL,NULL,NULL,NULL,NULL,NULL,NULL,NULL,NULL,
72615,BAJA 12KV LN DISC,No,No,Yes,Yes,103,8,Closed,Closed,0,Isolator,0,1,NULL,NULL,NULL,NULL,NULL,NULL,NULL,NULL,NULL,NULL,NULL,NULL,NULL,NULL,No,NULL,Yes,NULL,NULL,NULL,1,3464,186156,NULL,NULL,NULL,NULL,NULL,NULL,NULL,NULL,NULL,NULL,NULL,NULL,NULL,NULL,NULL,NULL,NULL,NULL,NULL,NULL,NULL,NULL,NULL,NULL,NULL,
72616,BAJA 12KV TB DISC,No,No,Yes,Yes,8,50,Open,Open,0,Normal,0,1,NULL,NULL,NULL,NULL,NULL,NULL,NULL,NULL,NULL,NULL,NULL,NULL,NULL,NULL,No,NULL,Yes,NULL,NULL,NULL,1,3464,186157,NULL,NULL,NULL,NULL,NULL,NULL,NULL,NULL,NULL,NULL,NULL,NULL,NULL,NULL,NULL,NULL,NULL,NULL,NULL,NULL,NULL,NULL,NULL,NULL,NULL,
72617,JUAREZ 12KV OB DISC,No,No,Yes,Yes,999,104,Open,Open,0,Isolator,0,1,NULL,NULL,NULL,NULL,NULL,NULL,NULL,NULL,NULL,NULL,NULL,NULL,NULL,NULL,No,NULL,Yes,NULL,NULL,NULL,1,3464,299,NULL,NULL,NULL,NULL,NULL,NULL,NULL,NULL,NULL,NULL,NULL,NULL,NULL,NULL,NULL,NULL,NULL,NULL,NULL,NULL,NULL,NULL,NULL,NULL,NULL,
72618,JUAREZ 12KV IB DISC,No,No,Yes,Yes,104,500,Closed,Closed,0,Isolator,0,1,NULL,NULL,NULL,NULL,NULL,NULL,NULL,NULL,NULL,NULL,NULL,NULL,NULL,NULL,No,NULL,Yes,NULL,NULL,NULL,1,3464,186158,NULL,NULL,NULL,NULL,NULL,NULL,NULL,NULL,NULL,NULL,NULL,NULL,NULL,NULL,NULL,NULL,NULL,NULL,NULL,NULL,NULL,NULL,NULL,NULL,NULL,
72619,JUAREZ 12KV CB,No,No,Yes,Yes,104,105,Closed,Closed,0,Normal,0,1,NULL,NULL,NULL,NULL,NULL,NULL,NULL,NULL,NULL,NULL,NULL,NULL,NULL,200007172,No,NULL,Yes,NULL,NULL,NULL,1,3464,196142,NULL,NULL,NULL,NULL,NULL,NULL,NULL,NULL,NULL,NULL,NULL,NULL,NULL,NULL,NULL,NULL,NULL,NULL,NULL,NULL,NULL,NULL,NULL,NULL,NULL,
72620,JUAREZ 12KV LN DISC,No,No,Yes,Yes,105,9,Closed,Closed,0,Isolator,0,1,NULL,NULL,NULL,NULL,NULL,NULL,NULL,NULL,NULL,NULL,NULL,NULL,NULL,NULL,No,NULL,Yes,NULL,NULL,NULL,1,3464,186160,NULL,NULL,NULL,NULL,NULL,NULL,NULL,NULL,NULL,NULL,NULL,NULL,NULL,NULL,NULL,NULL,NULL,NULL,NULL,NULL,NULL,NULL,NULL,NULL,NULL,
72621,JUAREZ 12KV TB DISC,No,No,Yes,Yes,9,50,Open,Open,0,Isolator,0,1,NULL,NULL,NULL,NULL,NULL,NULL,NULL,NULL,NULL,NULL,NULL,NULL,NULL,NULL,No,NULL,Yes,NULL,NULL,NULL,1,3464,186161,NULL,NULL,NULL,NULL,NULL,NULL,NULL,NULL,NULL,NULL,NULL,NULL,NULL,NULL,NULL,NULL,NULL,NULL,NULL,NULL,NULL,NULL,NULL,NULL,NULL,
72622,NO.1 BANK 12KV OB DISC,No,No,Yes,Yes,999,106,Open,Open,0,Normal,0,1,NULL,NULL,NULL,NULL,NULL,NULL,NULL,NULL,NULL,NULL,NULL,NULL,NULL,NULL,No,NULL,Yes,NULL,NULL,NULL,1,3464,282,NULL,NULL,NULL,NULL,NULL,NULL,NULL,NULL,NULL,NULL,NULL,NULL,NULL,NULL,NULL,NULL,NULL,NULL,NULL,NULL,NULL,NULL,NULL,NULL,NULL,
72623,NO.1 BANK 12KV IB DISC,No,No,Yes,Yes,106,500,Closed,Closed,0,Isolator,0,1,NULL,NULL,NULL,NULL,NULL,NULL,NULL,NULL,NULL,NULL,NULL,NULL,NULL,NULL,No,NULL,Yes,NULL,NULL,NULL,1,3464,281,NULL,NULL,NULL,NULL,NULL,NULL,NULL,NULL,NULL,NULL,NULL,NULL,NULL,NULL,NULL,NULL,NULL,NULL,NULL,NULL,NULL,NULL,NULL,NULL,NULL,
72624,NO.1 BANK 12KV CB,No,No,Yes,Yes,106,107,Closed,Closed,0,Normal,0,1,NULL,NULL,NULL,NULL,NULL,NULL,NULL,NULL,NULL,NULL,NULL,NULL,NULL,205699867,No,NULL,Yes,NULL,NULL,NULL,1,3464,272148,NULL,NULL,NULL,NULL,NULL,NULL,NULL,NULL,NULL,NULL,NULL,NULL,NULL,NULL,NULL,NULL,NULL,NULL,NULL,NULL,NULL,NULL,NULL,NULL,NULL,
72625,NO.1 BANK 12KV LN DISC,No,No,Yes,Yes,107,10,Closed,Closed,0,Isolator,0,1,NULL,NULL,NULL,NULL,NULL,NULL,NULL,NULL,NULL,NULL,NULL,NULL,NULL,NULL,No,NULL,Yes,NULL,NULL,NULL,1,3464,283,NULL,NULL,NULL,NULL,NULL,NULL,NULL,NULL,NULL,NULL,NULL,NULL,NULL,NULL,NULL,NULL,NULL,NULL,NULL,NULL,NULL,NULL,NULL,NULL,NULL,
72626,NO.1 BANK 12KV TB DISC,No,No,Yes,Yes,10,50,Open,Open,0,Normal,0,1,NULL,NULL,NULL,NULL,NULL,NULL,NULL,NULL,NULL,NULL,NULL,NULL,NULL,NULL,No,NULL,Yes,NULL,NULL,NULL,1,3464,284,NULL,NULL,NULL,NULL,NULL,NULL,NULL,NULL,NULL,NULL,NULL,NULL,NULL,NULL,NULL,NULL,NULL,NULL,NULL,NULL,NULL,NULL,NULL,NULL,NULL,
72627,YUCATAN 12KV OB DISC,No,No,Yes,Yes,999,108,Open,Open,0,Isolator,0,1,NULL,NULL,NULL,NULL,NULL,NULL,NULL,NULL,NULL,NULL,NULL,NULL,NULL,NULL,No,NULL,Yes,NULL,NULL,NULL,1,3464,300,NULL,NULL,NULL,NULL,NULL,NULL,NULL,NULL,NULL,NULL,NULL,NULL,NULL,NULL,NULL,NULL,NULL,NULL,NULL,NULL,NULL,NULL,NULL,NULL,NULL,
72628,YUCATAN 12KV IB DISC,No,No,Yes,Yes,108,500,Closed,Closed,0,Isolator,0,1,NULL,NULL,NULL,NULL,NULL,NULL,NULL,NULL,NULL,NULL,NULL,NULL,NULL,NULL,No,NULL,Yes,NULL,NULL,NULL,1,3464,186162,NULL,NULL,NULL,NULL,NULL,NULL,NULL,NULL,NULL,NULL,NULL,NULL,NULL,NULL,NULL,NULL,NULL,NULL,NULL,NULL,NULL,NULL,NULL,NULL,NULL,
72629,YUCATAN 12KV CB,No,No,Yes,Yes,108,109,Closed,Closed,0,Normal,0,1,NULL,NULL,NULL,NULL,NULL,NULL,NULL,NULL,NULL,NULL,NULL,NULL,NULL,200007176,No,NULL,Yes,NULL,NULL,NULL,1,3464,196149,NULL,NULL,NULL,NULL,NULL,NULL,NULL,NULL,NULL,NULL,NULL,NULL,NULL,NULL,NULL,NULL,NULL,NULL,NULL,NULL,NULL,NULL,NULL,NULL,NULL,
72630,YUCATAN 12KV LN DISC,No,No,Yes,Yes,109,11,Closed,Closed,0,Normal,0,1,NULL,NULL,NULL,NULL,NULL,NULL,NULL,NULL,NULL,NULL,NULL,NULL,NULL,NULL,No,NULL,Yes,NULL,NULL,NULL,1,3464,186164,NULL,NULL,NULL,NULL,NULL,NULL,NULL,NULL,NULL,NULL,NULL,NULL,NULL,NULL,NULL,NULL,NULL,NULL,NULL,NULL,NULL,NULL,NULL,NULL,NULL,
72631,YUCATAN 12KV TB DISC,No,No,Yes,Yes,11,50,Open,Open,0,Isolator,0,1,NULL,NULL,NULL,NULL,NULL,NULL,NULL,NULL,NULL,NULL,NULL,NULL,NULL,NULL,No,NULL,Yes,NULL,NULL,NULL,1,3464,186165,NULL,NULL,NULL,NULL,NULL,NULL,NULL,NULL,NULL,NULL,NULL,NULL,NULL,NULL,NULL,NULL,NULL,NULL,NULL,NULL,NULL,NULL,NULL,NULL,NULL,
72632,BS12,No,No,Yes,Yes,999,998,Closed,Closed,0,Isolator,0,1,NULL,NULL,NULL,NULL,NULL,NULL,NULL,NULL,NULL,NULL,NULL,NULL,NULL,NULL,No,NULL,Yes,NULL,NULL,NULL,1,3464,288,NULL,NULL,NULL,NULL,NULL,NULL,NULL,NULL,NULL,NULL,NULL,NULL,NULL,NULL,NULL,NULL,NULL,NULL,NULL,NULL,NULL,NULL,NULL,NULL,NULL,
72633,BS12,No,No,Yes,Yes,500,499,Closed,Closed,0,Isolator,0,1,NULL,NULL,NULL,NULL,NULL,NULL,NULL,NULL,NULL,NULL,NULL,NULL,NULL,NULL,No,NULL,Yes,NULL,NULL,NULL,1,3464,186190,NULL,NULL,NULL,NULL,NULL,NULL,NULL,NULL,NULL,NULL,NULL,NULL,NULL,NULL,NULL,NULL,NULL,NULL,NULL,NULL,NULL,NULL,NULL,NULL,NULL,
72634,BUS TIE B SECTION 12KV OB DISC,No,No,Yes,Yes,998,110,Closed,Closed,0,Normal,0,1,NULL,NULL,NULL,NULL,NULL,NULL,NULL,NULL,NULL,NULL,NULL,NULL,NULL,NULL,No,NULL,Yes,NULL,NULL,NULL,1,3464,301,NULL,NULL,NULL,NULL,NULL,NULL,NULL,NULL,NULL,NULL,NULL,NULL,NULL,NULL,NULL,NULL,NULL,NULL,NULL,NULL,NULL,NULL,NULL,NULL,NULL,
72635,BUS TIE B SECTION 12KV IB DISC,No,No,Yes,Yes,110,499,Open,Open,0,Isolator,0,1,NULL,NULL,NULL,NULL,NULL,NULL,NULL,NULL,NULL,NULL,NULL,NULL,NULL,NULL,No,NULL,Yes,NULL,NULL,NULL,1,3464,186167,NULL,NULL,NULL,NULL,NULL,NULL,NULL,NULL,NULL,NULL,NULL,NULL,NULL,NULL,NULL,NULL,NULL,NULL,NULL,NULL,NULL,NULL,NULL,NULL,NULL,
72636,BUS TIE B SECTION 12KV LN DISC,No,No,Yes,Yes,110,111,Closed,Closed,0,Isolator,0,1,NULL,NULL,NULL,NULL,NULL,NULL,NULL,NULL,NULL,NULL,NULL,NULL,NULL,NULL,No,NULL,Yes,NULL,NULL,NULL,1,3464,186169,NULL,NULL,NULL,NULL,NULL,NULL,NULL,NULL,NULL,NULL,NULL,NULL,NULL,NULL,NULL,NULL,NULL,NULL,NULL,NULL,NULL,NULL,NULL,NULL,NULL,
72637,BUS TIE B SECTION 12KV CB,No,No,Yes,Yes,111,12,Closed,Closed,0,Normal,0,1,NULL,NULL,NULL,NULL,NULL,NULL,NULL,NULL,NULL,NULL,NULL,NULL,NULL,205699866,No,NULL,Yes,NULL,NULL,NULL,1,3464,196156,NULL,NULL,NULL,NULL,NULL,NULL,NULL,NULL,NULL,NULL,NULL,NULL,NULL,NULL,NULL,NULL,NULL,NULL,NULL,NULL,NULL,NULL,NULL,NULL,NULL,
72638,BUS TIE B SECTION 12KV TB DISC,No,No,Yes,Yes,12,50,Closed,Closed,0,Normal,0,1,NULL,NULL,NULL,NULL,NULL,NULL,NULL,NULL,NULL,NULL,NULL,NULL,NULL,NULL,No,NULL,Yes,NULL,NULL,NULL,1,3464,186170,NULL,NULL,NULL,NULL,NULL,NULL,NULL,NULL,NULL,NULL,NULL,NULL,NULL,NULL,NULL,NULL,NULL,NULL,NULL,NULL,NULL,NULL,NULL,NULL,NULL,
72639,BS 23,No,No,Yes,Yes,998,997,Closed,Closed,0,Isolator,0,1,NULL,NULL,NULL,NULL,NULL,NULL,NULL,NULL,NULL,NULL,NULL,NULL,NULL,NULL,No,NULL,Yes,NULL,NULL,NULL,1,3464,289,NULL,NULL,NULL,NULL,NULL,NULL,NULL,NULL,NULL,NULL,NULL,NULL,NULL,NULL,NULL,NULL,NULL,NULL,NULL,NULL,NULL,NULL,NULL,NULL,NULL,
72640,BS23,No,No,Yes,Yes,499,498,Closed,Closed,0,Isolator,0,1,NULL,NULL,NULL,NULL,NULL,NULL,NULL,NULL,NULL,NULL,NULL,NULL,NULL,NULL,No,NULL,Yes,NULL,NULL,NULL,1,3464,186191,NULL,NULL,NULL,NULL,NULL,NULL,NULL,NULL,NULL,NULL,NULL,NULL,NULL,NULL,NULL,NULL,NULL,NULL,NULL,NULL,NULL,NULL,NULL,NULL,NULL,
72650,NO.2 N BK DSC,No,Yes,Yes,Yes,701,703,Closed,Closed,0,Isolator,0,1,NULL,NULL,NULL,NULL,NULL,NULL,NULL,NULL,NULL,NULL,NULL,NULL,NULL,NULL,No,NULL,Yes,NULL,NULL,NULL,1,3464,186193,NULL,NULL,NULL,NULL,NULL,NULL,NULL,NULL,NULL,NULL,NULL,NULL,NULL,NULL,NULL,NULL,NULL,NULL,NULL,NULL,NULL,NULL,NULL,NULL,NULL,
72651,NO.2 S BK DSC,No,Yes,Yes,Yes,702,703,Closed,Closed,0,Isolator,0,1,NULL,NULL,NULL,NULL,NULL,NULL,NULL,NULL,NULL,NULL,NULL,NULL,NULL,NULL,No,NULL,Yes,NULL,NULL,NULL,1,3464,186192,NULL,NULL,NULL,NULL,NULL,NULL,NULL,NULL,NULL,NULL,NULL,NULL,NULL,NULL,NULL,NULL,NULL,NULL,NULL,NULL,NULL,NULL,NULL,NULL,NULL,
72662,NO.1 CAPACITOR DSC,No,No,Yes,Yes,500,610,Closed,Closed,0,Isolator,0,1,NULL,NULL,NULL,NULL,NULL,NULL,NULL,NULL,NULL,NULL,NULL,NULL,NULL,NULL,No,NULL,Yes,NULL,NULL,NULL,1,3464,186149,NULL,NULL,NULL,NULL,NULL,NULL,NULL,NULL,NULL,NULL,NULL,NULL,NULL,NULL,NULL,NULL,NULL,NULL,NULL,NULL,NULL,NULL,NULL,NULL,NULL,
72663,NO.1 CAPACITOR FUSE,No,No,Yes,Yes,610,611,Closed,Closed,0,Isolator,0,1,NULL,NULL,NULL,NULL,NULL,NULL,NULL,NULL,NULL,NULL,NULL,NULL,NULL,NULL,No,NULL,Yes,NULL,NULL,NULL,1,3464,186150,NULL,NULL,NULL,NULL,NULL,NULL,NULL,NULL,NULL,NULL,NULL,NULL,NULL,NULL,NULL,NULL,NULL,NULL,NULL,NULL,NULL,NULL,NULL,NULL,NULL,
72947,MASSACHUSETTS 12KV OB DISC,No,No,Yes,Yes,999,100,Open,Open,0,Isolator,0,1,NULL,NULL,NULL,NULL,NULL,NULL,NULL,NULL,NULL,NULL,NULL,NULL,NULL,NULL,No,NULL,Yes,NULL,NULL,NULL,1,3466,3524,NULL,NULL,NULL,NULL,NULL,NULL,NULL,NULL,NULL,NULL,NULL,NULL,NULL,NULL,NULL,NULL,NULL,NULL,NULL,NULL,NULL,NULL,NULL,NULL,NULL,
72948,MASSACHUSETTS 12KV IB DISC,No,No,Yes,Yes,100,500,Closed,Closed,0,Isolator,0,1,NULL,NULL,NULL,NULL,NULL,NULL,NULL,NULL,NULL,NULL,NULL,NULL,NULL,NULL,No,NULL,Yes,NULL,NULL,NULL,1,3466,3525,NULL,NULL,NULL,NULL,NULL,NULL,NULL,NULL,NULL,NULL,NULL,NULL,NULL,NULL,NULL,NULL,NULL,NULL,NULL,NULL,NULL,NULL,NULL,NULL,NULL,
72949,MASSACHUSETTS 12KV CB,No,No,Yes,Yes,100,101,Closed,Closed,0,Normal,0,1,NULL,NULL,NULL,NULL,NULL,NULL,NULL,NULL,NULL,NULL,NULL,NULL,NULL,200011295,No,NULL,Yes,NULL,NULL,NULL,1,3466,254571,NULL,NULL,NULL,NULL,NULL,NULL,NULL,NULL,NULL,NULL,NULL,NULL,NULL,NULL,NULL,NULL,NULL,NULL,NULL,NULL,NULL,NULL,NULL,NULL,NULL,
72950,MASSACHUSETTS 12KV LN DISC,No,No,Yes,Yes,101,51,Closed,Closed,0,Isolator,0,1,NULL,NULL,NULL,NULL,NULL,NULL,NULL,NULL,NULL,NULL,NULL,NULL,NULL,NULL,No,NULL,Yes,NULL,NULL,NULL,1,3466,3526,NULL,NULL,NULL,NULL,NULL,NULL,NULL,NULL,NULL,NULL,NULL,NULL,NULL,NULL,NULL,NULL,NULL,NULL,NULL,NULL,NULL,NULL,NULL,NULL,NULL,
72951,MASSACHUSETTS 12KV TB DISC,No,No,Yes,Yes,51,50,Open,Open,0,Isolator,0,1,NULL,NULL,NULL,NULL,NULL,NULL,NULL,NULL,NULL,NULL,NULL,NULL,NULL,NULL,No,NULL,Yes,NULL,NULL,NULL,1,3466,3527,NULL,NULL,NULL,NULL,NULL,NULL,NULL,NULL,NULL,NULL,NULL,NULL,NULL,NULL,NULL,NULL,NULL,NULL,NULL,NULL,NULL,NULL,NULL,NULL,NULL,
72952,CONNECTICUT 12KV OB DISC,No,No,Yes,Yes,999,102,Open,Open,0,Isolator,0,1,NULL,NULL,NULL,NULL,NULL,NULL,NULL,NULL,NULL,NULL,NULL,NULL,NULL,NULL,No,NULL,Yes,NULL,NULL,NULL,1,3466,3533,NULL,NULL,NULL,NULL,NULL,NULL,NULL,NULL,NULL,NULL,NULL,NULL,NULL,NULL,NULL,NULL,NULL,NULL,NULL,NULL,NULL,NULL,NULL,NULL,NULL,
72953,CONNECTICUT 12KV IB DISC,No,No,Yes,Yes,102,500,Closed,Closed,0,Isolator,0,1,NULL,NULL,NULL,NULL,NULL,NULL,NULL,NULL,NULL,NULL,NULL,NULL,NULL,NULL,No,NULL,Yes,NULL,NULL,NULL,1,3466,3532,NULL,NULL,NULL,NULL,NULL,NULL,NULL,NULL,NULL,NULL,NULL,NULL,NULL,NULL,NULL,NULL,NULL,NULL,NULL,NULL,NULL,NULL,NULL,NULL,NULL,
72954,CONNECTICUT 12KV CB,No,No,Yes,Yes,102,103,Closed,Closed,0,Normal,0,1,NULL,NULL,NULL,NULL,NULL,NULL,NULL,NULL,NULL,NULL,NULL,NULL,NULL,200011296,No,NULL,Yes,NULL,NULL,NULL,1,3466,254579,NULL,NULL,NULL,NULL,NULL,NULL,NULL,NULL,NULL,NULL,NULL,NULL,NULL,NULL,NULL,NULL,NULL,NULL,NULL,NULL,NULL,NULL,NULL,NULL,NULL,
72955,CONNECTICUT 12KV LN DISC,No,No,Yes,Yes,103,52,Closed,Closed,0,Isolator,0,1,NULL,NULL,NULL,NULL,NULL,NULL,NULL,NULL,NULL,NULL,NULL,NULL,NULL,NULL,No,NULL,Yes,NULL,NULL,NULL,1,3466,3531,NULL,NULL,NULL,NULL,NULL,NULL,NULL,NULL,NULL,NULL,NULL,NULL,NULL,NULL,NULL,NULL,NULL,NULL,NULL,NULL,NULL,NULL,NULL,NULL,NULL,
72956,CONNECTICUT 12KV TB DISC,No,No,Yes,Yes,52,50,Open,Open,0,Isolator,0,1,NULL,NULL,NULL,NULL,NULL,NULL,NULL,NULL,NULL,NULL,NULL,NULL,NULL,NULL,No,NULL,Yes,NULL,NULL,NULL,1,3466,3530,NULL,NULL,NULL,NULL,NULL,NULL,NULL,NULL,NULL,NULL,NULL,NULL,NULL,NULL,NULL,NULL,NULL,NULL,NULL,NULL,NULL,NULL,NULL,NULL,NULL,
72957,RHODE ISLAND 12KV OB DISC,No,No,Yes,Yes,999,104,Closed,Closed,0,Isolator,0,1,NULL,NULL,NULL,NULL,NULL,NULL,NULL,NULL,NULL,NULL,NULL,NULL,NULL,NULL,No,NULL,Yes,NULL,NULL,NULL,1,3466,178570,NULL,NULL,NULL,NULL,NULL,NULL,NULL,NULL,NULL,NULL,NULL,NULL,NULL,NULL,NULL,NULL,NULL,NULL,NULL,NULL,NULL,NULL,NULL,NULL,NULL,
72958,RHODE ISLAND 12KV IB DISC,No,No,Yes,Yes,104,500,Open,Open,0,Isolator,0,1,NULL,NULL,NULL,NULL,NULL,NULL,NULL,NULL,NULL,NULL,NULL,NULL,NULL,NULL,No,NULL,Yes,NULL,NULL,NULL,1,3466,178574,NULL,NULL,NULL,NULL,NULL,NULL,NULL,NULL,NULL,NULL,NULL,NULL,NULL,NULL,NULL,NULL,NULL,NULL,NULL,NULL,NULL,NULL,NULL,NULL,NULL,
72959,RHODE ISLAND 12KV CB,No,No,Yes,Yes,104,105,Closed,Closed,0,Normal,0,1,NULL,NULL,NULL,NULL,NULL,NULL,NULL,NULL,NULL,NULL,NULL,NULL,NULL,206745277,No,NULL,Yes,NULL,NULL,NULL,1,3466,178485,NULL,NULL,NULL,NULL,NULL,NULL,NULL,NULL,NULL,NULL,NULL,NULL,NULL,NULL,NULL,NULL,NULL,NULL,NULL,NULL,NULL,NULL,NULL,NULL,NULL,
72960,RHODE ISLAND 12KV LN DISC,No,No,Yes,Yes,105,53,Closed,Closed,0,Isolator,0,1,NULL,NULL,NULL,NULL,NULL,NULL,NULL,NULL,NULL,NULL,NULL,NULL,NULL,NULL,No,NULL,Yes,NULL,NULL,NULL,1,3466,178571,NULL,NULL,NULL,NULL,NULL,NULL,NULL,NULL,NULL,NULL,NULL,NULL,NULL,NULL,NULL,NULL,NULL,NULL,NULL,NULL,NULL,NULL,NULL,NULL,NULL,
72961,RHODE ISLAND 12KV TB DISC,No,No,Yes,Yes,53,50,Open,Open,0,Isolator,0,1,NULL,NULL,NULL,NULL,NULL,NULL,NULL,NULL,NULL,NULL,NULL,NULL,NULL,NULL,No,NULL,Yes,NULL,NULL,NULL,1,3466,178573,NULL,NULL,NULL,NULL,NULL,NULL,NULL,NULL,NULL,NULL,NULL,NULL,NULL,NULL,NULL,NULL,NULL,NULL,NULL,NULL,NULL,NULL,NULL,NULL,NULL,
72962,DAKOTA 12KV OB DISC,No,No,Yes,Yes,999,106,Closed,Closed,0,Isolator,0,1,NULL,NULL,NULL,NULL,NULL,NULL,NULL,NULL,NULL,NULL,NULL,NULL,NULL,NULL,No,NULL,Yes,NULL,NULL,NULL,1,3466,178575,NULL,NULL,NULL,NULL,NULL,NULL,NULL,NULL,NULL,NULL,NULL,NULL,NULL,NULL,NULL,NULL,NULL,NULL,NULL,NULL,NULL,NULL,NULL,NULL,NULL,
72963,DAKOTA 12KV IB DISC,No,No,Yes,Yes,106,500,Open,Open,0,Isolator,0,1,NULL,NULL,NULL,NULL,NULL,NULL,NULL,NULL,NULL,NULL,NULL,NULL,NULL,NULL,No,NULL,Yes,NULL,NULL,NULL,1,3466,178579,NULL,NULL,NULL,NULL,NULL,NULL,NULL,NULL,NULL,NULL,NULL,NULL,NULL,NULL,NULL,NULL,NULL,NULL,NULL,NULL,NULL,NULL,NULL,NULL,NULL,
72964,DAKOTA 12KV CB,No,No,Yes,Yes,106,107,Closed,Closed,0,Normal,0,1,NULL,NULL,NULL,NULL,NULL,NULL,NULL,NULL,NULL,NULL,NULL,NULL,NULL,206745282,No,NULL,Yes,NULL,NULL,NULL,1,3466,178492,NULL,NULL,NULL,NULL,NULL,NULL,NULL,NULL,NULL,NULL,NULL,NULL,NULL,NULL,NULL,NULL,NULL,NULL,NULL,NULL,NULL,NULL,NULL,NULL,NULL,
72965,DAKOTA 12KV LN DISC,No,No,Yes,Yes,107,54,Closed,Closed,0,Isolator,0,1,NULL,NULL,NULL,NULL,NULL,NULL,NULL,NULL,NULL,NULL,NULL,NULL,NULL,NULL,No,NULL,Yes,NULL,NULL,NULL,1,3466,178576,NULL,NULL,NULL,NULL,NULL,NULL,NULL,NULL,NULL,NULL,NULL,NULL,NULL,NULL,NULL,NULL,NULL,NULL,NULL,NULL,NULL,NULL,NULL,NULL,NULL,
72966,DAKOTA 12KV TB DISC,No,No,Yes,Yes,54,50,Open,Open,0,Isolator,0,1,NULL,NULL,NULL,NULL,NULL,NULL,NULL,NULL,NULL,NULL,NULL,NULL,NULL,NULL,No,NULL,Yes,NULL,NULL,NULL,1,3466,178578,NULL,NULL,NULL,NULL,NULL,NULL,NULL,NULL,NULL,NULL,NULL,NULL,NULL,NULL,NULL,NULL,NULL,NULL,NULL,NULL,NULL,NULL,NULL,NULL,NULL,
72967,NO.1 BANK 12KV OB DISC,No,No,Yes,Yes,999,108,Closed,Closed,0,Isolator,0,1,NULL,NULL,NULL,NULL,NULL,NULL,NULL,NULL,NULL,NULL,NULL,NULL,NULL,NULL,No,NULL,Yes,NULL,NULL,NULL,1,3466,117011,NULL,NULL,NULL,NULL,NULL,NULL,NULL,NULL,NULL,NULL,NULL,NULL,NULL,NULL,NULL,NULL,NULL,NULL,NULL,NULL,NULL,NULL,NULL,NULL,NULL,
72968,NO.1 BANK 12KV IB DISC,No,No,Yes,Yes,108,500,Open,Open,0,Isolator,0,1,NULL,NULL,NULL,NULL,NULL,NULL,NULL,NULL,NULL,NULL,NULL,NULL,NULL,NULL,No,NULL,Yes,NULL,NULL,NULL,1,3466,117020,NULL,NULL,NULL,NULL,NULL,NULL,NULL,NULL,NULL,NULL,NULL,NULL,NULL,NULL,NULL,NULL,NULL,NULL,NULL,NULL,NULL,NULL,NULL,NULL,NULL,
72969,NO.1 BANK 12KV CB,No,No,Yes,Yes,108,109,Closed,Closed,0,Normal,0,1,NULL,NULL,NULL,NULL,NULL,NULL,NULL,NULL,NULL,NULL,NULL,NULL,NULL,206745309,No,NULL,Yes,NULL,NULL,NULL,1,3466,178423,NULL,NULL,NULL,NULL,NULL,NULL,NULL,NULL,NULL,NULL,NULL,NULL,NULL,NULL,NULL,NULL,NULL,NULL,NULL,NULL,NULL,NULL,NULL,NULL,NULL,
72970,NO.1 BANK 12KV LN DISC,No,No,Yes,Yes,109,55,Closed,Closed,0,Isolator,0,1,NULL,NULL,NULL,NULL,NULL,NULL,NULL,NULL,NULL,NULL,NULL,NULL,NULL,NULL,No,NULL,Yes,NULL,NULL,NULL,1,3466,117026,NULL,NULL,NULL,NULL,NULL,NULL,NULL,NULL,NULL,NULL,NULL,NULL,NULL,NULL,NULL,NULL,NULL,NULL,NULL,NULL,NULL,NULL,NULL,NULL,NULL,
72971,NO.1 BANK 12KV TB DISC,No,No,Yes,Yes,55,50,Open,Open,0,Isolator,0,1,NULL,NULL,NULL,NULL,NULL,NULL,NULL,NULL,NULL,NULL,NULL,NULL,NULL,NULL,No,NULL,Yes,NULL,NULL,NULL,1,3466,117035,NULL,NULL,NULL,NULL,NULL,NULL,NULL,NULL,NULL,NULL,NULL,NULL,NULL,NULL,NULL,NULL,NULL,NULL,NULL,NULL,NULL,NULL,NULL,NULL,NULL,
72972,FLORIDA 12KV OB DISC,No,No,Yes,Yes,999,110,Closed,Closed,0,Isolator,0,1,NULL,NULL,NULL,NULL,NULL,NULL,NULL,NULL,NULL,NULL,NULL,NULL,NULL,NULL,No,NULL,Yes,NULL,NULL,NULL,1,3466,178580,NULL,NULL,NULL,NULL,NULL,NULL,NULL,NULL,NULL,NULL,NULL,NULL,NULL,NULL,NULL,NULL,NULL,NULL,NULL,NULL,NULL,NULL,NULL,NULL,NULL,
72973,FLORIDA 12KV IB DISC,No,No,Yes,Yes,110,500,Open,Open,0,Isolator,0,1,NULL,NULL,NULL,NULL,NULL,NULL,NULL,NULL,NULL,NULL,NULL,NULL,NULL,NULL,No,NULL,Yes,NULL,NULL,NULL,1,3466,178584,NULL,NULL,NULL,NULL,NULL,NULL,NULL,NULL,NULL,NULL,NULL,NULL,NULL,NULL,NULL,NULL,NULL,NULL,NULL,NULL,NULL,NULL,NULL,NULL,NULL,
72974,FLORIDA 12KV CB,No,No,Yes,Yes,110,111,Closed,Closed,0,Normal,0,1,NULL,NULL,NULL,NULL,NULL,NULL,NULL,NULL,NULL,NULL,NULL,NULL,NULL,200007195,No,NULL,Yes,NULL,NULL,NULL,1,3466,178499,NULL,NULL,NULL,NULL,NULL,NULL,NULL,NULL,NULL,NULL,NULL,NULL,NULL,NULL,NULL,NULL,NULL,NULL,NULL,NULL,NULL,NULL,NULL,NULL,NULL,
72975,FLORIDA 12KV LN DISC,No,No,Yes,Yes,111,56,Closed,Closed,0,Isolator,0,1,NULL,NULL,NULL,NULL,NULL,NULL,NULL,NULL,NULL,NULL,NULL,NULL,NULL,NULL,No,NULL,Yes,NULL,NULL,NULL,1,3466,178581,NULL,NULL,NULL,NULL,NULL,NULL,NULL,NULL,NULL,NULL,NULL,NULL,NULL,NULL,NULL,NULL,NULL,NULL,NULL,NULL,NULL,NULL,NULL,NULL,NULL,
72976,FLORIDA 12KV TB DISC,No,No,Yes,Yes,56,50,Open,Open,0,Isolator,0,1,NULL,NULL,NULL,NULL,NULL,NULL,NULL,NULL,NULL,NULL,NULL,NULL,NULL,NULL,No,NULL,Yes,NULL,NULL,NULL,1,3466,178583,NULL,NULL,NULL,NULL,NULL,NULL,NULL,NULL,NULL,NULL,NULL,NULL,NULL,NULL,NULL,NULL,NULL,NULL,NULL,NULL,NULL,NULL,NULL,NULL,NULL,
72977,MARYLAND 12KV OB DISC,No,No,Yes,Yes,999,112,Closed,Closed,0,Isolator,0,1,NULL,NULL,NULL,NULL,NULL,NULL,NULL,NULL,NULL,NULL,NULL,NULL,NULL,NULL,No,NULL,Yes,NULL,NULL,NULL,1,3466,178585,NULL,NULL,NULL,NULL,NULL,NULL,NULL,NULL,NULL,NULL,NULL,NULL,NULL,NULL,NULL,NULL,NULL,NULL,NULL,NULL,NULL,NULL,NULL,NULL,NULL,
72978,MARYLAND 12KV IB DISC,No,No,Yes,Yes,112,500,Open,Open,0,Isolator,0,1,NULL,NULL,NULL,NULL,NULL,NULL,NULL,NULL,NULL,NULL,NULL,NULL,NULL,NULL,No,NULL,Yes,NULL,NULL,NULL,1,3466,178589,NULL,NULL,NULL,NULL,NULL,NULL,NULL,NULL,NULL,NULL,NULL,NULL,NULL,NULL,NULL,NULL,NULL,NULL,NULL,NULL,NULL,NULL,NULL,NULL,NULL,
72979,MARYLAND 12KV CB,No,No,Yes,Yes,112,113,Closed,Closed,0,Normal,0,1,NULL,NULL,NULL,NULL,NULL,NULL,NULL,NULL,NULL,NULL,NULL,NULL,NULL,206745306,No,NULL,Yes,NULL,NULL,NULL,1,3466,178506,NULL,NULL,NULL,NULL,NULL,NULL,NULL,NULL,NULL,NULL,NULL,NULL,NULL,NULL,NULL,NULL,NULL,NULL,NULL,NULL,NULL,NULL,NULL,NULL,NULL,
72980,MARYLAND 12KV LN DISC,No,No,Yes,Yes,113,57,Closed,Closed,0,Isolator,0,1,NULL,NULL,NULL,NULL,NULL,NULL,NULL,NULL,NULL,NULL,NULL,NULL,NULL,NULL,No,NULL,Yes,NULL,NULL,NULL,1,3466,178586,NULL,NULL,NULL,NULL,NULL,NULL,NULL,NULL,NULL,NULL,NULL,NULL,NULL,NULL,NULL,NULL,NULL,NULL,NULL,NULL,NULL,NULL,NULL,NULL,NULL,
72981,MARYLAND 12KV TB DISC,No,No,Yes,Yes,57,50,Open,Open,0,Isolator,0,1,NULL,NULL,NULL,NULL,NULL,NULL,NULL,NULL,NULL,NULL,NULL,NULL,NULL,NULL,No,NULL,Yes,NULL,NULL,NULL,1,3466,178588,NULL,NULL,NULL,NULL,NULL,NULL,NULL,NULL,NULL,NULL,NULL,NULL,NULL,NULL,NULL,NULL,NULL,NULL,NULL,NULL,NULL,NULL,NULL,NULL,NULL,
72982,BS12,No,No,Yes,Yes,999,998,Closed,Closed,0,Isolator,0,1,NULL,NULL,NULL,NULL,NULL,NULL,NULL,NULL,NULL,NULL,NULL,NULL,NULL,NULL,No,NULL,Yes,NULL,NULL,NULL,1,3466,178590,NULL,NULL,NULL,NULL,NULL,NULL,NULL,NULL,NULL,NULL,NULL,NULL,NULL,NULL,NULL,NULL,NULL,NULL,NULL,NULL,NULL,NULL,NULL,NULL,NULL,
72983,BS12,No,No,Yes,Yes,500,499,Closed,Closed,0,Isolator,0,1,NULL,NULL,NULL,NULL,NULL,NULL,NULL,NULL,NULL,NULL,NULL,NULL,NULL,NULL,No,NULL,Yes,NULL,NULL,NULL,1,3466,178591,NULL,NULL,NULL,NULL,NULL,NULL,NULL,NULL,NULL,NULL,NULL,NULL,NULL,NULL,NULL,NULL,NULL,NULL,NULL,NULL,NULL,NULL,NULL,NULL,NULL,
72984,BUS TIE 12KV OB DISC,No,No,Yes,Yes,998,114,Closed,Closed,0,Isolator,0,1,NULL,NULL,NULL,NULL,NULL,NULL,NULL,NULL,NULL,NULL,NULL,NULL,NULL,NULL,No,NULL,Yes,NULL,NULL,NULL,1,3466,178592,NULL,NULL,NULL,NULL,NULL,NULL,NULL,NULL,NULL,NULL,NULL,NULL,NULL,NULL,NULL,NULL,NULL,NULL,NULL,NULL,NULL,NULL,NULL,NULL,NULL,
72985,BUS TIE 12KV IB DISC,No,No,Yes,Yes,114,499,Open,Open,0,Isolator,0,1,NULL,NULL,NULL,NULL,NULL,NULL,NULL,NULL,NULL,NULL,NULL,NULL,NULL,NULL,No,NULL,Yes,NULL,NULL,NULL,1,3466,178595,NULL,NULL,NULL,NULL,NULL,NULL,NULL,NULL,NULL,NULL,NULL,NULL,NULL,NULL,NULL,NULL,NULL,NULL,NULL,NULL,NULL,NULL,NULL,NULL,NULL,
72986,BUS TIE 12KV LN DISC,No,No,Yes,Yes,114,115,Closed,Closed,0,Isolator,0,1,NULL,NULL,NULL,NULL,NULL,NULL,NULL,NULL,NULL,NULL,NULL,NULL,NULL,NULL,No,NULL,Yes,NULL,NULL,NULL,1,3466,178593,NULL,NULL,NULL,NULL,NULL,NULL,NULL,NULL,NULL,NULL,NULL,NULL,NULL,NULL,NULL,NULL,NULL,NULL,NULL,NULL,NULL,NULL,NULL,NULL,NULL,
72987,BUS TIE 12KV CB,No,No,Yes,Yes,115,58,Closed,Closed,0,Normal,0,1,NULL,NULL,NULL,NULL,NULL,NULL,NULL,NULL,NULL,NULL,NULL,NULL,NULL,206745308,No,NULL,Yes,NULL,NULL,NULL,1,3466,178513,NULL,NULL,NULL,NULL,NULL,NULL,NULL,NULL,NULL,NULL,NULL,NULL,NULL,NULL,NULL,NULL,NULL,NULL,NULL,NULL,NULL,NULL,NULL,NULL,NULL,
72988,BUS TIE 12KV TB DISC,No,No,Yes,Yes,58,50,Closed,Closed,0,Isolator,0,1,NULL,NULL,NULL,NULL,NULL,NULL,NULL,NULL,NULL,NULL,NULL,NULL,NULL,NULL,No,NULL,Yes,NULL,NULL,NULL,1,3466,178594,NULL,NULL,NULL,NULL,NULL,NULL,NULL,NULL,NULL,NULL,NULL,NULL,NULL,NULL,NULL,NULL,NULL,NULL,NULL,NULL,NULL,NULL,NULL,NULL,NULL,
72989,BS23,No,No,Yes,Yes,998,997,Closed,Closed,0,Isolator,0,1,NULL,NULL,NULL,NULL,NULL,NULL,NULL,NULL,NULL,NULL,NULL,NULL,NULL,NULL,No,NULL,Yes,NULL,NULL,NULL,1,3466,178597,NULL,NULL,NULL,NULL,NULL,NULL,NULL,NULL,NULL,NULL,NULL,NULL,NULL,NULL,NULL,NULL,NULL,NULL,NULL,NULL,NULL,NULL,NULL,NULL,NULL,
72990,BS23,No,No,Yes,Yes,499,498,Closed,Closed,0,Isolator,0,1,NULL,NULL,NULL,NULL,NULL,NULL,NULL,NULL,NULL,NULL,NULL,NULL,NULL,NULL,No,NULL,Yes,NULL,NULL,NULL,1,3466,178598,NULL,NULL,NULL,NULL,NULL,NULL,NULL,NULL,NULL,NULL,NULL,NULL,NULL,NULL,NULL,NULL,NULL,NULL,NULL,NULL,NULL,NULL,NULL,NULL,NULL,
72991,WYOMING 12KV OB DISC,No,No,Yes,Yes,997,116,Open,Open,0,Isolator,0,1,NULL,NULL,NULL,NULL,NULL,NULL,NULL,NULL,NULL,NULL,NULL,NULL,NULL,NULL,No,NULL,Yes,NULL,NULL,NULL,1,3466,178599,NULL,NULL,NULL,NULL,NULL,NULL,NULL,NULL,NULL,NULL,NULL,NULL,NULL,NULL,NULL,NULL,NULL,NULL,NULL,NULL,NULL,NULL,NULL,NULL,NULL,
72992,WYOMING 12KV IB DISC,No,No,Yes,Yes,116,498,Closed,Closed,0,Isolator,0,1,NULL,NULL,NULL,NULL,NULL,NULL,NULL,NULL,NULL,NULL,NULL,NULL,NULL,NULL,No,NULL,Yes,NULL,NULL,NULL,1,3466,178603,NULL,NULL,NULL,NULL,NULL,NULL,NULL,NULL,NULL,NULL,NULL,NULL,NULL,NULL,NULL,NULL,NULL,NULL,NULL,NULL,NULL,NULL,NULL,NULL,NULL,
72993,WYOMING 12KV CB,No,No,Yes,Yes,116,117,Closed,Closed,0,Normal,0,1,NULL,NULL,NULL,NULL,NULL,NULL,NULL,NULL,NULL,NULL,NULL,NULL,NULL,206745295,No,NULL,Yes,NULL,NULL,NULL,1,3466,178523,NULL,NULL,NULL,NULL,NULL,NULL,NULL,NULL,NULL,NULL,NULL,NULL,NULL,NULL,NULL,NULL,NULL,NULL,NULL,NULL,NULL,NULL,NULL,NULL,NULL,
72994,WYOMING 12KV LN DISC,No,No,Yes,Yes,117,59,Closed,Closed,0,Isolator,0,1,NULL,NULL,NULL,NULL,NULL,NULL,NULL,NULL,NULL,NULL,NULL,NULL,NULL,NULL,No,NULL,Yes,NULL,NULL,NULL,1,3466,178600,NULL,NULL,NULL,NULL,NULL,NULL,NULL,NULL,NULL,NULL,NULL,NULL,NULL,NULL,NULL,NULL,NULL,NULL,NULL,NULL,NULL,NULL,NULL,NULL,NULL,
72995,WYOMING 12KV TB DISC,No,No,Yes,Yes,59,50,Open,Open,0,Isolator,0,1,NULL,NULL,NULL,NULL,NULL,NULL,NULL,NULL,NULL,NULL,NULL,NULL,NULL,NULL,No,NULL,Yes,NULL,NULL,NULL,1,3466,178602,NULL,NULL,NULL,NULL,NULL,NULL,NULL,NULL,NULL,NULL,NULL,NULL,NULL,NULL,NULL,NULL,NULL,NULL,NULL,NULL,NULL,NULL,NULL,NULL,NULL,
72996,KENTUCKY 12KV OB DISC,No,No,Yes,Yes,997,118,Open,Open,0,Isolator,0,1,NULL,NULL,NULL,NULL,NULL,NULL,NULL,NULL,NULL,NULL,NULL,NULL,NULL,NULL,No,NULL,Yes,NULL,NULL,NULL,1,3466,178604,NULL,NULL,NULL,NULL,NULL,NULL,NULL,NULL,NULL,NULL,NULL,NULL,NULL,NULL,NULL,NULL,NULL,NULL,NULL,NULL,NULL,NULL,NULL,NULL,NULL,
72997,KENTUCKY 12KV IB DISC,No,No,Yes,Yes,118,498,Closed,Closed,0,Isolator,0,1,NULL,NULL,NULL,NULL,NULL,NULL,NULL,NULL,NULL,NULL,NULL,NULL,NULL,NULL,No,NULL,Yes,NULL,NULL,NULL,1,3466,178608,NULL,NULL,NULL,NULL,NULL,NULL,NULL,NULL,NULL,NULL,NULL,NULL,NULL,NULL,NULL,NULL,NULL,NULL,NULL,NULL,NULL,NULL,NULL,NULL,NULL,
72998,KENTUCKY 12KV CB,No,No,Yes,Yes,118,119,Closed,Closed,0,Normal,0,1,NULL,NULL,NULL,NULL,NULL,NULL,NULL,NULL,NULL,NULL,NULL,NULL,NULL,206745302,No,NULL,Yes,NULL,NULL,NULL,1,3466,178530,NULL,NULL,NULL,NULL,NULL,NULL,NULL,NULL,NULL,NULL,NULL,NULL,NULL,NULL,NULL,NULL,NULL,NULL,NULL,NULL,NULL,NULL,NULL,NULL,NULL,
72999,KENTUCKY 12KV LN DISC,No,No,Yes,Yes,119,60,Closed,Closed,0,Isolator,0,1,NULL,NULL,NULL,NULL,NULL,NULL,NULL,NULL,NULL,NULL,NULL,NULL,NULL,NULL,No,NULL,Yes,NULL,NULL,NULL,1,3466,178605,NULL,NULL,NULL,NULL,NULL,NULL,NULL,NULL,NULL,NULL,NULL,NULL,NULL,NULL,NULL,NULL,NULL,NULL,NULL,NULL,NULL,NULL,NULL,NULL,NULL,
73000,KENTUCKY 12KV TB DISC,No,No,Yes,Yes,60,50,Open,Open,0,Isolator,0,1,NULL,NULL,NULL,NULL,NULL,NULL,NULL,NULL,NULL,NULL,NULL,NULL,NULL,NULL,No,NULL,Yes,NULL,NULL,NULL,1,3466,178607,NULL,NULL,NULL,NULL,NULL,NULL,NULL,NULL,NULL,NULL,NULL,NULL,NULL,NULL,NULL,NULL,NULL,NULL,NULL,NULL,NULL,NULL,NULL,NULL,NULL,
73001,NO.2 BANK 12KV OB DISC,No,No,Yes,Yes,997,120,Open,Open,0,Isolator,0,1,NULL,NULL,NULL,NULL,NULL,NULL,NULL,NULL,NULL,NULL,NULL,NULL,NULL,NULL,No,NULL,Yes,NULL,NULL,NULL,1,3466,122346,NULL,NULL,NULL,NULL,NULL,NULL,NULL,NULL,NULL,NULL,NULL,NULL,NULL,NULL,NULL,NULL,NULL,NULL,NULL,NULL,NULL,NULL,NULL,NULL,NULL,
73002,NO.2 BANK 12KV IB DISC,No,No,Yes,Yes,120,498,Closed,Closed,0,Isolator,0,1,NULL,NULL,NULL,NULL,NULL,NULL,NULL,NULL,NULL,NULL,NULL,NULL,NULL,NULL,No,NULL,Yes,NULL,NULL,NULL,1,3466,122347,NULL,NULL,NULL,NULL,NULL,NULL,NULL,NULL,NULL,NULL,NULL,NULL,NULL,NULL,NULL,NULL,NULL,NULL,NULL,NULL,NULL,NULL,NULL,NULL,NULL,
73003,NO.2 BANK 12KV CB,No,No,Yes,Yes,120,121,Closed,Closed,0,Normal,0,1,NULL,NULL,NULL,NULL,NULL,NULL,NULL,NULL,NULL,NULL,NULL,NULL,NULL,200007201,No,NULL,Yes,NULL,NULL,NULL,1,3466,178443,NULL,NULL,NULL,NULL,NULL,NULL,NULL,NULL,NULL,NULL,NULL,NULL,NULL,NULL,NULL,NULL,NULL,NULL,NULL,NULL,NULL,NULL,NULL,NULL,NULL,
73005,NO.2 BANK 12KV TB DISC,No,No,Yes,Yes,61,50,Open,Open,0,Isolator,0,1,NULL,NULL,NULL,NULL,NULL,NULL,NULL,NULL,NULL,NULL,NULL,NULL,NULL,NULL,No,NULL,Yes,NULL,NULL,NULL,1,3466,122349,NULL,NULL,NULL,NULL,NULL,NULL,NULL,NULL,NULL,NULL,NULL,NULL,NULL,NULL,NULL,NULL,NULL,NULL,NULL,NULL,NULL,NULL,NULL,NULL,NULL,
73006,OKLAHOMA 12KV OB DISC,No,No,Yes,Yes,997,122,Closed,Closed,0,Isolator,0,1,NULL,NULL,NULL,NULL,NULL,NULL,NULL,NULL,NULL,NULL,NULL,NULL,NULL,NULL,No,NULL,Yes,NULL,NULL,NULL,1,3466,178609,NULL,NULL,NULL,NULL,NULL,NULL,NULL,NULL,NULL,NULL,NULL,NULL,NULL,NULL,NULL,NULL,NULL,NULL,NULL,NULL,NULL,NULL,NULL,NULL,NULL,
73007,OKLAHOMA 12KV IB DISC,No,No,Yes,Yes,122,498,Open,Open,0,Isolator,0,1,NULL,NULL,NULL,NULL,NULL,NULL,NULL,NULL,NULL,NULL,NULL,NULL,NULL,NULL,No,NULL,Yes,NULL,NULL,NULL,1,3466,178613,NULL,NULL,NULL,NULL,NULL,NULL,NULL,NULL,NULL,NULL,NULL,NULL,NULL,NULL,NULL,NULL,NULL,NULL,NULL,NULL,NULL,NULL,NULL,NULL,NULL,
73008,OKLAHOMA 12KV CB,No,No,Yes,Yes,122,123,Closed,Closed,0,Normal,0,1,NULL,NULL,NULL,NULL,NULL,NULL,NULL,NULL,NULL,NULL,NULL,NULL,NULL,206745275,No,NULL,Yes,NULL,NULL,NULL,1,3466,178537,NULL,NULL,NULL,NULL,NULL,NULL,NULL,NULL,NULL,NULL,NULL,NULL,NULL,NULL,NULL,NULL,NULL,NULL,NULL,NULL,NULL,NULL,NULL,NULL,NULL,
73009,OKLAHOMA 12KV LN DISC,No,No,Yes,Yes,123,62,Closed,Closed,0,Isolator,0,1,NULL,NULL,NULL,NULL,NULL,NULL,NULL,NULL,NULL,NULL,NULL,NULL,NULL,NULL,No,NULL,Yes,NULL,NULL,NULL,1,3466,178610,NULL,NULL,NULL,NULL,NULL,NULL,NULL,NULL,NULL,NULL,NULL,NULL,NULL,NULL,NULL,NULL,NULL,NULL,NULL,NULL,NULL,NULL,NULL,NULL,NULL,
73010,OKLAHOMA 12KV TB DISC,No,No,Yes,Yes,62,50,Open,Open,0,Isolator,0,1,NULL,NULL,NULL,NULL,NULL,NULL,NULL,NULL,NULL,NULL,NULL,NULL,NULL,NULL,No,NULL,Yes,NULL,NULL,NULL,1,3466,178612,NULL,NULL,NULL,NULL,NULL,NULL,NULL,NULL,NULL,NULL,NULL,NULL,NULL,NULL,NULL,NULL,NULL,NULL,NULL,NULL,NULL,NULL,NULL,NULL,NULL,
73011,MINNESOTA 12KV OB DISC,No,No,Yes,Yes,997,124,Closed,Closed,0,Isolator,0,1,NULL,NULL,NULL,NULL,NULL,NULL,NULL,NULL,NULL,NULL,NULL,NULL,NULL,NULL,No,NULL,Yes,NULL,NULL,NULL,1,3466,178614,NULL,NULL,NULL,NULL,NULL,NULL,NULL,NULL,NULL,NULL,NULL,NULL,NULL,NULL,NULL,NULL,NULL,NULL,NULL,NULL,NULL,NULL,NULL,NULL,NULL,
73012,MINNESOTA 12KV IB DISC,No,No,Yes,Yes,124,498,Open,Open,0,Isolator,0,1,NULL,NULL,NULL,NULL,NULL,NULL,NULL,NULL,NULL,NULL,NULL,NULL,NULL,NULL,No,NULL,Yes,NULL,NULL,NULL,1,3466,178618,NULL,NULL,NULL,NULL,NULL,NULL,NULL,NULL,NULL,NULL,NULL,NULL,NULL,NULL,NULL,NULL,NULL,NULL,NULL,NULL,NULL,NULL,NULL,NULL,NULL,
73013,MINNESOTA 12KV CB,No,No,Yes,Yes,124,125,Closed,Closed,0,Normal,0,1,NULL,NULL,NULL,NULL,NULL,NULL,NULL,NULL,NULL,NULL,NULL,NULL,NULL,206745296,No,NULL,Yes,NULL,NULL,NULL,1,3466,178544,NULL,NULL,NULL,NULL,NULL,NULL,NULL,NULL,NULL,NULL,NULL,NULL,NULL,NULL,NULL,NULL,NULL,NULL,NULL,NULL,NULL,NULL,NULL,NULL,NULL,
73014,MINNESOTA 12KV LN DISC,No,No,Yes,Yes,125,63,Closed,Closed,0,Isolator,0,1,NULL,NULL,NULL,NULL,NULL,NULL,NULL,NULL,NULL,NULL,NULL,NULL,NULL,NULL,No,NULL,Yes,NULL,NULL,NULL,1,3466,178615,NULL,NULL,NULL,NULL,NULL,NULL,NULL,NULL,NULL,NULL,NULL,NULL,NULL,NULL,NULL,NULL,NULL,NULL,NULL,NULL,NULL,NULL,NULL,NULL,NULL,
73015,MINNESOTA 12KV TB DISC,No,No,Yes,Yes,63,50,Open,Open,0,Isolator,0,1,NULL,NULL,NULL,NULL,NULL,NULL,NULL,NULL,NULL,NULL,NULL,NULL,NULL,NULL,No,NULL,Yes,NULL,NULL,NULL,1,3466,178617,NULL,NULL,NULL,NULL,NULL,NULL,NULL,NULL,NULL,NULL,NULL,NULL,NULL,NULL,NULL,NULL,NULL,NULL,NULL,NULL,NULL,NULL,NULL,NULL,NULL,
73016,WISCONSIN 12KV OB DISC,No,No,Yes,Yes,997,126,Open,Open,0,Isolator,0,1,NULL,NULL,NULL,NULL,NULL,NULL,NULL,NULL,NULL,NULL,NULL,NULL,NULL,NULL,No,NULL,Yes,NULL,NULL,NULL,1,3466,178619,NULL,NULL,NULL,NULL,NULL,NULL,NULL,NULL,NULL,NULL,NULL,NULL,NULL,NULL,NULL,NULL,NULL,NULL,NULL,NULL,NULL,NULL,NULL,NULL,NULL,
73017,WISCONSIN 12KV IB DISC,No,No,Yes,Yes,126,498,Closed,Closed,0,Isolator,0,1,NULL,NULL,NULL,NULL,NULL,NULL,NULL,NULL,NULL,NULL,NULL,NULL,NULL,NULL,No,NULL,Yes,NULL,NULL,NULL,1,3466,178623,NULL,NULL,NULL,NULL,NULL,NULL,NULL,NULL,NULL,NULL,NULL,NULL,NULL,NULL,NULL,NULL,NULL,NULL,NULL,NULL,NULL,NULL,NULL,NULL,NULL,
73018,WISCONSIN 12KV CB,No,No,Yes,Yes,126,127,Closed,Closed,0,Normal,0,1,NULL,NULL,NULL,NULL,NULL,NULL,NULL,NULL,NULL,NULL,NULL,NULL,NULL,206745286,No,NULL,Yes,NULL,NULL,NULL,1,3466,178551,NULL,NULL,NULL,NULL,NULL,NULL,NULL,NULL,NULL,NULL,NULL,NULL,NULL,NULL,NULL,NULL,NULL,NULL,NULL,NULL,NULL,NULL,NULL,NULL,NULL,
73019,WISCONSIN 12KV LN DISC,No,No,Yes,Yes,127,64,Closed,Closed,0,Isolator,0,1,NULL,NULL,NULL,NULL,NULL,NULL,NULL,NULL,NULL,NULL,NULL,NULL,NULL,NULL,No,NULL,Yes,NULL,NULL,NULL,1,3466,178620,NULL,NULL,NULL,NULL,NULL,NULL,NULL,NULL,NULL,NULL,NULL,NULL,NULL,NULL,NULL,NULL,NULL,NULL,NULL,NULL,NULL,NULL,NULL,NULL,NULL,
73020,WISCONSIN 12KV TB DISC,No,No,Yes,Yes,64,50,Open,Open,0,Isolator,0,1,NULL,NULL,NULL,NULL,NULL,NULL,NULL,NULL,NULL,NULL,NULL,NULL,NULL,NULL,No,NULL,Yes,NULL,NULL,NULL,1,3466,178622,NULL,NULL,NULL,NULL,NULL,NULL,NULL,NULL,NULL,NULL,NULL,NULL,NULL,NULL,NULL,NULL,NULL,NULL,NULL,NULL,NULL,NULL,NULL,NULL,NULL,
73021,VERMONT 12KV OB DISC,No,No,Yes,Yes,997,128,Open,Open,0,Isolator,0,1,NULL,NULL,NULL,NULL,NULL,NULL,NULL,NULL,NULL,NULL,NULL,NULL,NULL,NULL,No,NULL,Yes,NULL,NULL,NULL,1,3466,178624,NULL,NULL,NULL,NULL,NULL,NULL,NULL,NULL,NULL,NULL,NULL,NULL,NULL,NULL,NULL,NULL,NULL,NULL,NULL,NULL,NULL,NULL,NULL,NULL,NULL,
73022,VERMONT 12KV IB DISC,No,No,Yes,Yes,128,498,Closed,Closed,0,Isolator,0,1,NULL,NULL,NULL,NULL,NULL,NULL,NULL,NULL,NULL,NULL,NULL,NULL,NULL,NULL,No,NULL,Yes,NULL,NULL,NULL,1,3466,178628,NULL,NULL,NULL,NULL,NULL,NULL,NULL,NULL,NULL,NULL,NULL,NULL,NULL,NULL,NULL,NULL,NULL,NULL,NULL,NULL,NULL,NULL,NULL,NULL,NULL,
73023,VERMONT 12KV CB,No,No,Yes,Yes,128,129,Closed,Closed,0,Normal,0,1,NULL,NULL,NULL,NULL,NULL,NULL,NULL,NULL,NULL,NULL,NULL,NULL,NULL,206745288,No,NULL,Yes,NULL,NULL,NULL,1,3466,178558,NULL,NULL,NULL,NULL,NULL,NULL,NULL,NULL,NULL,NULL,NULL,NULL,NULL,NULL,NULL,NULL,NULL,NULL,NULL,NULL,NULL,NULL,NULL,NULL,NULL,
73024,VERMONT 12KV LN DISC,No,No,Yes,Yes,129,65,Closed,Closed,0,Isolator,0,1,NULL,NULL,NULL,NULL,NULL,NULL,NULL,NULL,NULL,NULL,NULL,NULL,NULL,NULL,No,NULL,Yes,NULL,NULL,NULL,1,3466,178625,NULL,NULL,NULL,NULL,NULL,NULL,NULL,NULL,NULL,NULL,NULL,NULL,NULL,NULL,NULL,NULL,NULL,NULL,NULL,NULL,NULL,NULL,NULL,NULL,NULL,
73025,VERMONT 12KV TB DISC,No,No,Yes,Yes,65,50,Open,Open,0,Isolator,0,1,NULL,NULL,NULL,NULL,NULL,NULL,NULL,NULL,NULL,NULL,NULL,NULL,NULL,NULL,No,NULL,Yes,NULL,NULL,NULL,1,3466,178627,NULL,NULL,NULL,NULL,NULL,NULL,NULL,NULL,NULL,NULL,NULL,NULL,NULL,NULL,NULL,NULL,NULL,NULL,NULL,NULL,NULL,NULL,NULL,NULL,NULL,
73026,BUS PARALLEL 12KV OB DISC,No,No,Yes,Yes,997,130,Closed,Closed,0,Isolator,0,1,NULL,NULL,NULL,NULL,NULL,NULL,NULL,NULL,NULL,NULL,NULL,NULL,NULL,NULL,No,NULL,Yes,NULL,NULL,NULL,1,3466,178629,NULL,NULL,NULL,NULL,NULL,NULL,NULL,NULL,NULL,NULL,NULL,NULL,NULL,NULL,NULL,NULL,NULL,NULL,NULL,NULL,NULL,NULL,NULL,NULL,NULL,
73027,BUS PARALLEL 12KV CB,No,No,Yes,Yes,130,131,Open,Open,0,Normal,0,1,NULL,NULL,NULL,NULL,NULL,NULL,NULL,NULL,NULL,NULL,NULL,NULL,NULL,200007192,No,NULL,Yes,NULL,NULL,NULL,1,3466,178465,NULL,NULL,NULL,NULL,NULL,NULL,NULL,NULL,NULL,NULL,NULL,NULL,NULL,NULL,NULL,NULL,NULL,NULL,NULL,NULL,NULL,NULL,NULL,NULL,NULL,
73030,NO.2 BANK 12KV LN DISC,No,No,Yes,Yes,121,61,Closed,Closed,0,Isolator,0,1,NULL,NULL,NULL,NULL,NULL,NULL,NULL,NULL,NULL,NULL,NULL,NULL,NULL,NULL,No,NULL,Yes,NULL,NULL,NULL,1,3466,122348,NULL,NULL,NULL,NULL,NULL,NULL,NULL,NULL,NULL,NULL,NULL,NULL,NULL,NULL,NULL,NULL,NULL,NULL,NULL,NULL,NULL,NULL,NULL,NULL,NULL,
73031,BUS PARALLEL 12KV IB DISC,No,No,Yes,Yes,131,498,Closed,Closed,0,Isolator,0,1,NULL,NULL,NULL,NULL,NULL,NULL,NULL,NULL,NULL,NULL,NULL,NULL,NULL,NULL,No,NULL,Yes,NULL,NULL,NULL,1,3466,178630,NULL,NULL,NULL,NULL,NULL,NULL,NULL,NULL,NULL,NULL,NULL,NULL,NULL,NULL,NULL,NULL,NULL,NULL,NULL,NULL,NULL,NULL,NULL,NULL,NULL,
73099,NO.1 N BK DSC,No,Yes,Yes,Yes,701,703,Closed,Closed,0,Isolator,0,1,NULL,NULL,NULL,NULL,NULL,NULL,NULL,NULL,NULL,NULL,NULL,NULL,NULL,NULL,No,NULL,Yes,NULL,NULL,NULL,1,3466,178568,NULL,NULL,NULL,NULL,NULL,NULL,NULL,NULL,NULL,NULL,NULL,NULL,NULL,NULL,NULL,NULL,NULL,NULL,NULL,NULL,NULL,NULL,NULL,NULL,NULL,
73100,NO.1 S BK DSC,No,Yes,Yes,Yes,702,703,Closed,Closed,0,Isolator,0,1,NULL,NULL,NULL,NULL,NULL,NULL,NULL,NULL,NULL,NULL,NULL,NULL,NULL,NULL,No,NULL,Yes,NULL,NULL,NULL,1,3466,178569,NULL,NULL,NULL,NULL,NULL,NULL,NULL,NULL,NULL,NULL,NULL,NULL,NULL,NULL,NULL,NULL,NULL,NULL,NULL,NULL,NULL,NULL,NULL,NULL,NULL,
73102,NO.2 N BK DSC,No,Yes,Yes,Yes,704,706,Closed,Closed,0,Isolator,0,1,NULL,NULL,NULL,NULL,NULL,NULL,NULL,NULL,NULL,NULL,NULL,NULL,NULL,NULL,No,NULL,Yes,NULL,NULL,NULL,1,3466,3523,NULL,NULL,NULL,NULL,NULL,NULL,NULL,NULL,NULL,NULL,NULL,NULL,NULL,NULL,NULL,NULL,NULL,NULL,NULL,NULL,NULL,NULL,NULL,NULL,NULL,
73103,NO.2 S BK DSC,No,Yes,Yes,Yes,705,706,Closed,Closed,0,Isolator,0,1,NULL,NULL,NULL,NULL,NULL,NULL,NULL,NULL,NULL,NULL,NULL,NULL,NULL,NULL,No,NULL,Yes,NULL,NULL,NULL,1,3466,3522,NULL,NULL,NULL,NULL,NULL,NULL,NULL,NULL,NULL,NULL,NULL,NULL,NULL,NULL,NULL,NULL,NULL,NULL,NULL,NULL,NULL,NULL,NULL,NULL,NULL,
73123,NO.1 CAPACITOR DSC,No,No,Yes,Yes,999,600,Closed,Closed,0,Isolator,0,1,NULL,NULL,NULL,NULL,NULL,NULL,NULL,NULL,NULL,NULL,NULL,NULL,NULL,NULL,No,NULL,Yes,NULL,NULL,NULL,1,3466,178633,NULL,NULL,NULL,NULL,NULL,NULL,NULL,NULL,NULL,NULL,NULL,NULL,NULL,NULL,NULL,NULL,NULL,NULL,NULL,NULL,NULL,NULL,NULL,NULL,NULL,
73124,NO.2  CAPACITOR DSC,No,No,Yes,Yes,500,601,Closed,Closed,0,Isolator,0,1,NULL,NULL,NULL,NULL,NULL,NULL,NULL,NULL,NULL,NULL,NULL,NULL,NULL,NULL,No,NULL,Yes,NULL,NULL,NULL,1,3466,178635,NULL,NULL,NULL,NULL,NULL,NULL,NULL,NULL,NULL,NULL,NULL,NULL,NULL,NULL,NULL,NULL,NULL,NULL,NULL,NULL,NULL,NULL,NULL,NULL,NULL,
73125,NO.2  CAPACITOR FUSE,No,No,Yes,Yes,601,602,Closed,Closed,0,Isolator,0,1,NULL,NULL,NULL,NULL,NULL,NULL,NULL,NULL,NULL,NULL,NULL,NULL,NULL,NULL,No,NULL,Yes,NULL,NULL,NULL,1,3466,178636,NULL,NULL,NULL,NULL,NULL,NULL,NULL,NULL,NULL,NULL,NULL,NULL,NULL,NULL,NULL,NULL,NULL,NULL,NULL,NULL,NULL,NULL,NULL,NULL,NULL,
74339,VERA CRUZ 12KV OB DISC,No,No,Yes,Yes,997,112,Closed,Closed,0,Isolator,0,1,NULL,NULL,NULL,NULL,NULL,NULL,NULL,NULL,NULL,NULL,NULL,NULL,NULL,NULL,No,NULL,Yes,NULL,NULL,NULL,1,3464,302,NULL,NULL,NULL,NULL,NULL,NULL,NULL,NULL,NULL,NULL,NULL,NULL,NULL,NULL,NULL,NULL,NULL,NULL,NULL,NULL,NULL,NULL,NULL,NULL,NULL,
74340,VERA CRUZ 12KV IB DISC,No,No,Yes,Yes,112,498,Open,Open,0,Isolator,0,1,NULL,NULL,NULL,NULL,NULL,NULL,NULL,NULL,NULL,NULL,NULL,NULL,NULL,NULL,No,NULL,Yes,NULL,NULL,NULL,1,3464,186171,NULL,NULL,NULL,NULL,NULL,NULL,NULL,NULL,NULL,NULL,NULL,NULL,NULL,NULL,NULL,NULL,NULL,NULL,NULL,NULL,NULL,NULL,NULL,NULL,NULL,
74342,VERA CRUZ 12KV CB,No,No,Yes,Yes,112,113,Closed,Closed,0,Normal,0,1,NULL,NULL,NULL,NULL,NULL,NULL,NULL,NULL,NULL,NULL,NULL,NULL,NULL,200007175,No,NULL,Yes,NULL,NULL,NULL,1,3464,196167,NULL,NULL,NULL,NULL,NULL,NULL,NULL,NULL,NULL,NULL,NULL,NULL,NULL,NULL,NULL,NULL,NULL,NULL,NULL,NULL,NULL,NULL,NULL,NULL,NULL,
74343,VERA CRUZ 12KV LN DISC,No,No,Yes,Yes,113,13,Closed,Closed,0,Isolator,0,1,NULL,NULL,NULL,NULL,NULL,NULL,NULL,NULL,NULL,NULL,NULL,NULL,NULL,NULL,No,NULL,Yes,NULL,NULL,NULL,1,3464,186173,NULL,NULL,NULL,NULL,NULL,NULL,NULL,NULL,NULL,NULL,NULL,NULL,NULL,NULL,NULL,NULL,NULL,NULL,NULL,NULL,NULL,NULL,NULL,NULL,NULL,
74344,VERA CRUZ 12KV TB DISC,No,No,Yes,Yes,13,50,Open,Open,0,Isolator,0,1,NULL,NULL,NULL,NULL,NULL,NULL,NULL,NULL,NULL,NULL,NULL,NULL,NULL,NULL,No,NULL,Yes,NULL,NULL,NULL,1,3464,186174,NULL,NULL,NULL,NULL,NULL,NULL,NULL,NULL,NULL,NULL,NULL,NULL,NULL,NULL,NULL,NULL,NULL,NULL,NULL,NULL,NULL,NULL,NULL,NULL,NULL,
74345,MAZATLAN 12KV OB DISC,No,No,Yes,Yes,997,114,Open,Open,0,Isolator,0,1,NULL,NULL,NULL,NULL,NULL,NULL,NULL,NULL,NULL,NULL,NULL,NULL,NULL,NULL,No,NULL,Yes,NULL,NULL,NULL,1,3464,303,NULL,NULL,NULL,NULL,NULL,NULL,NULL,NULL,NULL,NULL,NULL,NULL,NULL,NULL,NULL,NULL,NULL,NULL,NULL,NULL,NULL,NULL,NULL,NULL,NULL,
74346,MAZATLAN 12KV IB DISC,No,No,Yes,Yes,114,498,Closed,Closed,0,Isolator,0,1,NULL,NULL,NULL,NULL,NULL,NULL,NULL,NULL,NULL,NULL,NULL,NULL,NULL,NULL,No,NULL,Yes,NULL,NULL,NULL,1,3464,186176,NULL,NULL,NULL,NULL,NULL,NULL,NULL,NULL,NULL,NULL,NULL,NULL,NULL,NULL,NULL,NULL,NULL,NULL,NULL,NULL,NULL,NULL,NULL,NULL,NULL,
74347,MAZATLAN 12KV CB,No,No,Yes,Yes,114,115,Closed,Closed,0,Normal,0,1,NULL,NULL,NULL,NULL,NULL,NULL,NULL,NULL,NULL,NULL,NULL,NULL,NULL,200007173,No,NULL,Yes,NULL,NULL,NULL,1,3464,196174,NULL,NULL,NULL,NULL,NULL,NULL,NULL,NULL,NULL,NULL,NULL,NULL,NULL,NULL,NULL,NULL,NULL,NULL,NULL,NULL,NULL,NULL,NULL,NULL,NULL,
74348,MAZATLAN 12KV LN DISC,No,No,Yes,Yes,115,14,Closed,Closed,0,Isolator,0,1,NULL,NULL,NULL,NULL,NULL,NULL,NULL,NULL,NULL,NULL,NULL,NULL,NULL,NULL,No,NULL,Yes,NULL,NULL,NULL,1,3464,186178,NULL,NULL,NULL,NULL,NULL,NULL,NULL,NULL,NULL,NULL,NULL,NULL,NULL,NULL,NULL,NULL,NULL,NULL,NULL,NULL,NULL,NULL,NULL,NULL,NULL,
74349,MAZATLAN 12KV TB DISC,No,No,Yes,Yes,14,50,Open,Open,0,Isolator,0,1,NULL,NULL,NULL,NULL,NULL,NULL,NULL,NULL,NULL,NULL,NULL,NULL,NULL,NULL,No,NULL,Yes,NULL,NULL,NULL,1,3464,186179,NULL,NULL,NULL,NULL,NULL,NULL,NULL,NULL,NULL,NULL,NULL,NULL,NULL,NULL,NULL,NULL,NULL,NULL,NULL,NULL,NULL,NULL,NULL,NULL,NULL,
74350,ACAPULCO 12KV OB DISC,No,No,Yes,Yes,997,116,Closed,Closed,0,Isolator,0,1,NULL,NULL,NULL,NULL,NULL,NULL,NULL,NULL,NULL,NULL,NULL,NULL,NULL,NULL,No,NULL,Yes,NULL,NULL,NULL,1,3464,304,NULL,NULL,NULL,NULL,NULL,NULL,NULL,NULL,NULL,NULL,NULL,NULL,NULL,NULL,NULL,NULL,NULL,NULL,NULL,NULL,NULL,NULL,NULL,NULL,NULL,
74351,ACAPULCO 12KV IB DISC,No,No,Yes,Yes,116,498,Open,Open,0,Isolator,0,1,NULL,NULL,NULL,NULL,NULL,NULL,NULL,NULL,NULL,NULL,NULL,NULL,NULL,NULL,No,NULL,Yes,NULL,NULL,NULL,1,3464,186181,NULL,NULL,NULL,NULL,NULL,NULL,NULL,NULL,NULL,NULL,NULL,NULL,NULL,NULL,NULL,NULL,NULL,NULL,NULL,NULL,NULL,NULL,NULL,NULL,NULL,
74352,ACAPULCO 12KV CB,No,No,Yes,Yes,116,117,Closed,Closed,0,Normal,0,1,NULL,NULL,NULL,NULL,NULL,NULL,NULL,NULL,NULL,NULL,NULL,NULL,NULL,200007169,No,NULL,Yes,NULL,NULL,NULL,1,3464,196181,NULL,NULL,NULL,NULL,NULL,NULL,NULL,NULL,NULL,NULL,NULL,NULL,NULL,NULL,NULL,NULL,NULL,NULL,NULL,NULL,NULL,NULL,NULL,NULL,NULL,
74353,ACAPULCO 12KV LN DISC,No,No,Yes,Yes,117,15,Closed,Closed,0,Isolator,0,1,NULL,NULL,NULL,NULL,NULL,NULL,NULL,NULL,NULL,NULL,NULL,NULL,NULL,NULL,No,NULL,Yes,NULL,NULL,NULL,1,3464,186183,NULL,NULL,NULL,NULL,NULL,NULL,NULL,NULL,NULL,NULL,NULL,NULL,NULL,NULL,NULL,NULL,NULL,NULL,NULL,NULL,NULL,NULL,NULL,NULL,NULL,
74354,ACAPULCO 12KV TB DISC,No,No,Yes,Yes,15,50,Open,Open,0,Isolator,0,1,NULL,NULL,NULL,NULL,NULL,NULL,NULL,NULL,NULL,NULL,NULL,NULL,NULL,NULL,No,NULL,Yes,NULL,NULL,NULL,1,3464,186184,NULL,NULL,NULL,NULL,NULL,NULL,NULL,NULL,NULL,NULL,NULL,NULL,NULL,NULL,NULL,NULL,NULL,NULL,NULL,NULL,NULL,NULL,NULL,NULL,NULL,
74355,NO.2 BANK 12KV OB DISC,No,No,Yes,Yes,997,118,Closed,Closed,0,Isolator,0,1,NULL,NULL,NULL,NULL,NULL,NULL,NULL,NULL,NULL,NULL,NULL,NULL,NULL,NULL,No,NULL,Yes,NULL,NULL,NULL,1,3464,186187,NULL,NULL,NULL,NULL,NULL,NULL,NULL,NULL,NULL,NULL,NULL,NULL,NULL,NULL,NULL,NULL,NULL,NULL,NULL,NULL,NULL,NULL,NULL,NULL,NULL,
74356,NO.2 BANK 12KV IB DISC,No,No,Yes,Yes,118,498,Open,Open,0,Normal,0,1,NULL,NULL,NULL,NULL,NULL,NULL,NULL,NULL,NULL,NULL,NULL,NULL,NULL,NULL,No,NULL,Yes,NULL,NULL,NULL,1,3464,186186,NULL,NULL,NULL,NULL,NULL,NULL,NULL,NULL,NULL,NULL,NULL,NULL,NULL,NULL,NULL,NULL,NULL,NULL,NULL,NULL,NULL,NULL,NULL,NULL,NULL,
74357,NO.2 BANK 12KV CB,No,No,Yes,Yes,118,119,Closed,Closed,0,Normal,0,1,NULL,NULL,NULL,NULL,NULL,NULL,NULL,NULL,NULL,NULL,NULL,NULL,NULL,200007174,No,NULL,Yes,NULL,NULL,NULL,1,3464,196097,NULL,NULL,NULL,NULL,NULL,NULL,NULL,NULL,NULL,NULL,NULL,NULL,NULL,NULL,NULL,NULL,NULL,NULL,NULL,NULL,NULL,NULL,NULL,NULL,NULL,
74359,NO.1 N BK DSC,No,Yes,Yes,Yes,704,10,Closed,Closed,0,Isolator,0,1,NULL,NULL,NULL,NULL,NULL,NULL,NULL,NULL,NULL,NULL,NULL,NULL,NULL,NULL,No,NULL,Yes,NULL,NULL,NULL,1,3464,279,NULL,NULL,NULL,NULL,NULL,NULL,NULL,NULL,NULL,NULL,NULL,NULL,NULL,NULL,NULL,NULL,NULL,NULL,NULL,NULL,NULL,NULL,NULL,NULL,NULL,
74654,NO.1 BANK 12KV OB DISC,No,No,Yes,Yes,999,100,Closed,Closed,0,Isolator,0,1,NULL,NULL,NULL,NULL,NULL,NULL,NULL,NULL,NULL,NULL,NULL,NULL,NULL,NULL,No,NULL,Yes,NULL,NULL,NULL,1,3492,180475,NULL,NULL,NULL,NULL,NULL,NULL,NULL,NULL,NULL,NULL,NULL,NULL,NULL,NULL,NULL,NULL,NULL,NULL,NULL,NULL,NULL,NULL,NULL,NULL,NULL,
74655,NO.1 BANK 12KV IB DISC,No,No,Yes,Yes,100,500,Open,Open,0,Isolator,0,1,NULL,NULL,NULL,NULL,NULL,NULL,NULL,NULL,NULL,NULL,NULL,NULL,NULL,NULL,No,NULL,Yes,NULL,NULL,NULL,1,3492,2811,NULL,NULL,NULL,NULL,NULL,NULL,NULL,NULL,NULL,NULL,NULL,NULL,NULL,NULL,NULL,NULL,NULL,NULL,NULL,NULL,NULL,NULL,NULL,NULL,NULL,
74656,NO.1 BANK 12KV CB,No,No,Yes,Yes,100,101,Closed,Closed,0,Normal,0,1,NULL,NULL,NULL,NULL,NULL,NULL,NULL,NULL,NULL,NULL,NULL,NULL,NULL,205569714,No,NULL,Yes,NULL,NULL,NULL,1,3492,180339,NULL,NULL,NULL,NULL,NULL,NULL,NULL,NULL,NULL,NULL,NULL,NULL,NULL,NULL,NULL,NULL,NULL,NULL,NULL,NULL,NULL,NULL,NULL,NULL,NULL,
74657,NO.1 BANK 12KV LN DISC,No,No,Yes,Yes,101,51,Closed,Closed,0,Isolator,0,1,NULL,NULL,NULL,NULL,NULL,NULL,NULL,NULL,NULL,NULL,NULL,NULL,NULL,NULL,No,NULL,Yes,NULL,NULL,NULL,1,3492,180476,NULL,NULL,NULL,NULL,NULL,NULL,NULL,NULL,NULL,NULL,NULL,NULL,NULL,NULL,NULL,NULL,NULL,NULL,NULL,NULL,NULL,NULL,NULL,NULL,NULL,
74658,NO.1 BANK 12KV TB DISC,No,No,Yes,Yes,51,50,Open,Open,0,Isolator,0,1,NULL,NULL,NULL,NULL,NULL,NULL,NULL,NULL,NULL,NULL,NULL,NULL,NULL,NULL,No,NULL,Yes,NULL,NULL,NULL,1,3492,180477,NULL,NULL,NULL,NULL,NULL,NULL,NULL,NULL,NULL,NULL,NULL,NULL,NULL,NULL,NULL,NULL,NULL,NULL,NULL,NULL,NULL,NULL,NULL,NULL,NULL,
74659,GUM 12KV OB DISC,No,No,Yes,Yes,999,102,Closed,Closed,0,Isolator,0,1,NULL,NULL,NULL,NULL,NULL,NULL,NULL,NULL,NULL,NULL,NULL,NULL,NULL,NULL,No,NULL,Yes,NULL,NULL,NULL,1,3492,180478,NULL,NULL,NULL,NULL,NULL,NULL,NULL,NULL,NULL,NULL,NULL,NULL,NULL,NULL,NULL,NULL,NULL,NULL,NULL,NULL,NULL,NULL,NULL,NULL,NULL,
74660,GUM 12KV IB DISC,No,No,Yes,Yes,102,500,Open,Open,0,Isolator,0,1,NULL,NULL,NULL,NULL,NULL,NULL,NULL,NULL,NULL,NULL,NULL,NULL,NULL,NULL,No,NULL,Yes,NULL,NULL,NULL,1,3492,2784,NULL,NULL,NULL,NULL,NULL,NULL,NULL,NULL,NULL,NULL,NULL,NULL,NULL,NULL,NULL,NULL,NULL,NULL,NULL,NULL,NULL,NULL,NULL,NULL,NULL,
74661,GUM 12KV CB,No,No,Yes,Yes,102,103,Closed,Closed,0,Normal,0,1,NULL,NULL,NULL,NULL,NULL,NULL,NULL,NULL,NULL,NULL,NULL,NULL,NULL,207085045,No,NULL,Yes,NULL,NULL,NULL,1,3492,180395,NULL,NULL,NULL,NULL,NULL,NULL,NULL,NULL,NULL,NULL,NULL,NULL,NULL,NULL,NULL,NULL,NULL,NULL,NULL,NULL,NULL,NULL,NULL,NULL,NULL,
74662,GUM 12KV LN DISC,No,No,Yes,Yes,103,52,Closed,Closed,0,Isolator,0,1,NULL,NULL,NULL,NULL,NULL,NULL,NULL,NULL,NULL,NULL,NULL,NULL,NULL,NULL,No,NULL,Yes,NULL,NULL,NULL,1,3492,180479,NULL,NULL,NULL,NULL,NULL,NULL,NULL,NULL,NULL,NULL,NULL,NULL,NULL,NULL,NULL,NULL,NULL,NULL,NULL,NULL,NULL,NULL,NULL,NULL,NULL,
74663,GUM 12KV TB DISC,No,No,Yes,Yes,52,50,Open,Open,0,Isolator,0,1,NULL,NULL,NULL,NULL,NULL,NULL,NULL,NULL,NULL,NULL,NULL,NULL,NULL,NULL,No,NULL,Yes,NULL,NULL,NULL,1,3492,180481,NULL,NULL,NULL,NULL,NULL,NULL,NULL,NULL,NULL,NULL,NULL,NULL,NULL,NULL,NULL,NULL,NULL,NULL,NULL,NULL,NULL,NULL,NULL,NULL,NULL,
74664,CAROB 12KV OB DISC,No,No,Yes,Yes,999,104,Closed,Closed,0,Isolator,0,1,NULL,NULL,NULL,NULL,NULL,NULL,NULL,NULL,NULL,NULL,NULL,NULL,NULL,NULL,No,NULL,Yes,NULL,NULL,NULL,1,3492,180482,NULL,NULL,NULL,NULL,NULL,NULL,NULL,NULL,NULL,NULL,NULL,NULL,NULL,NULL,NULL,NULL,NULL,NULL,NULL,NULL,NULL,NULL,NULL,NULL,NULL,
74665,CAROB 12KV IB DISC,No,No,Yes,Yes,104,500,Open,Open,0,Isolator,0,1,NULL,NULL,NULL,NULL,NULL,NULL,NULL,NULL,NULL,NULL,NULL,NULL,NULL,NULL,No,NULL,Yes,NULL,NULL,NULL,1,3492,2785,NULL,NULL,NULL,NULL,NULL,NULL,NULL,NULL,NULL,NULL,NULL,NULL,NULL,NULL,NULL,NULL,NULL,NULL,NULL,NULL,NULL,NULL,NULL,NULL,NULL,
74666,CAROB 12KV CB,No,No,Yes,Yes,104,105,Closed,Closed,0,Normal,0,1,NULL,NULL,NULL,NULL,NULL,NULL,NULL,NULL,NULL,NULL,NULL,NULL,NULL,207141301,No,NULL,Yes,NULL,NULL,NULL,1,3492,180402,NULL,NULL,NULL,NULL,NULL,NULL,NULL,NULL,NULL,NULL,NULL,NULL,NULL,NULL,NULL,NULL,NULL,NULL,NULL,NULL,NULL,NULL,NULL,NULL,NULL,
74667,CAROB 12KV LN DISC,No,No,Yes,Yes,105,53,Closed,Closed,0,Isolator,0,1,NULL,NULL,NULL,NULL,NULL,NULL,NULL,NULL,NULL,NULL,NULL,NULL,NULL,NULL,No,NULL,Yes,NULL,NULL,NULL,1,3492,180483,NULL,NULL,NULL,NULL,NULL,NULL,NULL,NULL,NULL,NULL,NULL,NULL,NULL,NULL,NULL,NULL,NULL,NULL,NULL,NULL,NULL,NULL,NULL,NULL,NULL,
74668,CAROB 12KV TB DISC,No,No,Yes,Yes,53,50,Open,Open,0,Isolator,0,1,NULL,NULL,NULL,NULL,NULL,NULL,NULL,NULL,NULL,NULL,NULL,NULL,NULL,NULL,No,NULL,Yes,NULL,NULL,NULL,1,3492,180485,NULL,NULL,NULL,NULL,NULL,NULL,NULL,NULL,NULL,NULL,NULL,NULL,NULL,NULL,NULL,NULL,NULL,NULL,NULL,NULL,NULL,NULL,NULL,NULL,NULL,
74669,PEABUSH 12KV OB DISC,No,No,Yes,Yes,999,106,Open,Open,0,Isolator,0,1,NULL,NULL,NULL,NULL,NULL,NULL,NULL,NULL,NULL,NULL,NULL,NULL,NULL,NULL,No,NULL,Yes,NULL,NULL,NULL,1,3492,180488,NULL,NULL,NULL,NULL,NULL,NULL,NULL,NULL,NULL,NULL,NULL,NULL,NULL,NULL,NULL,NULL,NULL,NULL,NULL,NULL,NULL,NULL,NULL,NULL,NULL,
74670,PEABUSH 12KV IB DISC,No,No,Yes,Yes,106,500,Closed,Closed,0,Isolator,0,1,NULL,NULL,NULL,NULL,NULL,NULL,NULL,NULL,NULL,NULL,NULL,NULL,NULL,NULL,No,NULL,Yes,NULL,NULL,NULL,1,3492,2788,NULL,NULL,NULL,NULL,NULL,NULL,NULL,NULL,NULL,NULL,NULL,NULL,NULL,NULL,NULL,NULL,NULL,NULL,NULL,NULL,NULL,NULL,NULL,NULL,NULL,
74671,PEABUSH 12KV CB,No,No,Yes,Yes,106,107,Closed,Closed,0,Normal,0,1,NULL,NULL,NULL,NULL,NULL,NULL,NULL,NULL,NULL,NULL,NULL,NULL,NULL,207085047,No,NULL,Yes,NULL,NULL,NULL,1,3492,180409,NULL,NULL,NULL,NULL,NULL,NULL,NULL,NULL,NULL,NULL,NULL,NULL,NULL,NULL,NULL,NULL,NULL,NULL,NULL,NULL,NULL,NULL,NULL,NULL,NULL,
74672,PEABUSH 12KV LN DISC,No,No,Yes,Yes,107,54,Closed,Closed,0,Isolator,0,1,NULL,NULL,NULL,NULL,NULL,NULL,NULL,NULL,NULL,NULL,NULL,NULL,NULL,NULL,No,NULL,Yes,NULL,NULL,NULL,1,3492,180489,NULL,NULL,NULL,NULL,NULL,NULL,NULL,NULL,NULL,NULL,NULL,NULL,NULL,NULL,NULL,NULL,NULL,NULL,NULL,NULL,NULL,NULL,NULL,NULL,NULL,
74673,PEABUSH 12KV TB DISC,No,No,Yes,Yes,54,50,Open,Open,0,Isolator,0,1,NULL,NULL,NULL,NULL,NULL,NULL,NULL,NULL,NULL,NULL,NULL,NULL,NULL,NULL,No,NULL,Yes,NULL,NULL,NULL,1,3492,180491,NULL,NULL,NULL,NULL,NULL,NULL,NULL,NULL,NULL,NULL,NULL,NULL,NULL,NULL,NULL,NULL,NULL,NULL,NULL,NULL,NULL,NULL,NULL,NULL,NULL,
74674,PHOENIX 12KV OB DISC,No,No,Yes,Yes,999,108,Closed,Closed,0,Isolator,0,1,NULL,NULL,NULL,NULL,NULL,NULL,NULL,NULL,NULL,NULL,NULL,NULL,NULL,NULL,No,NULL,Yes,NULL,NULL,NULL,1,3492,180492,NULL,NULL,NULL,NULL,NULL,NULL,NULL,NULL,NULL,NULL,NULL,NULL,NULL,NULL,NULL,NULL,NULL,NULL,NULL,NULL,NULL,NULL,NULL,NULL,NULL,
74675,PHOENIX 12KV IB DISC,No,No,Yes,Yes,108,500,Open,Open,0,Isolator,0,1,NULL,NULL,NULL,NULL,NULL,NULL,NULL,NULL,NULL,NULL,NULL,NULL,NULL,NULL,No,NULL,Yes,NULL,NULL,NULL,1,3492,2789,NULL,NULL,NULL,NULL,NULL,NULL,NULL,NULL,NULL,NULL,NULL,NULL,NULL,NULL,NULL,NULL,NULL,NULL,NULL,NULL,NULL,NULL,NULL,NULL,NULL,
74676,PHOENIX 12KV CB,No,No,Yes,Yes,108,109,Closed,Closed,0,Normal,0,1,NULL,NULL,NULL,NULL,NULL,NULL,NULL,NULL,NULL,NULL,NULL,NULL,NULL,207085048,No,NULL,Yes,NULL,NULL,NULL,1,3492,180416,NULL,NULL,NULL,NULL,NULL,NULL,NULL,NULL,NULL,NULL,NULL,NULL,NULL,NULL,NULL,NULL,NULL,NULL,NULL,NULL,NULL,NULL,NULL,NULL,NULL,
74677,PHOENIX 12KV LN DISC,No,No,Yes,Yes,109,55,Closed,Closed,0,Isolator,0,1,NULL,NULL,NULL,NULL,NULL,NULL,NULL,NULL,NULL,NULL,NULL,NULL,NULL,NULL,No,NULL,Yes,NULL,NULL,NULL,1,3492,180493,NULL,NULL,NULL,NULL,NULL,NULL,NULL,NULL,NULL,NULL,NULL,NULL,NULL,NULL,NULL,NULL,NULL,NULL,NULL,NULL,NULL,NULL,NULL,NULL,NULL,
74678,PHOENIX 12KV TB DISC,No,No,Yes,Yes,55,50,Open,Open,0,Isolator,0,1,NULL,NULL,NULL,NULL,NULL,NULL,NULL,NULL,NULL,NULL,NULL,NULL,NULL,NULL,No,NULL,Yes,NULL,NULL,NULL,1,3492,180495,NULL,NULL,NULL,NULL,NULL,NULL,NULL,NULL,NULL,NULL,NULL,NULL,NULL,NULL,NULL,NULL,NULL,NULL,NULL,NULL,NULL,NULL,NULL,NULL,NULL,
74679,PYRUS 12KV OB DISC,No,No,Yes,Yes,999,110,Open,Open,0,Isolator,0,1,NULL,NULL,NULL,NULL,NULL,NULL,NULL,NULL,NULL,NULL,NULL,NULL,NULL,NULL,No,NULL,Yes,NULL,NULL,NULL,1,3492,180496,NULL,NULL,NULL,NULL,NULL,NULL,NULL,NULL,NULL,NULL,NULL,NULL,NULL,NULL,NULL,NULL,NULL,NULL,NULL,NULL,NULL,NULL,NULL,NULL,NULL,
74680,PYRUS 12KV IB DISC,No,No,Yes,Yes,110,500,Closed,Closed,0,Isolator,0,1,NULL,NULL,NULL,NULL,NULL,NULL,NULL,NULL,NULL,NULL,NULL,NULL,NULL,NULL,No,NULL,Yes,NULL,NULL,NULL,1,3492,2790,NULL,NULL,NULL,NULL,NULL,NULL,NULL,NULL,NULL,NULL,NULL,NULL,NULL,NULL,NULL,NULL,NULL,NULL,NULL,NULL,NULL,NULL,NULL,NULL,NULL,
74681,PYRUS 12KV CB,No,No,Yes,Yes,110,111,Closed,Closed,0,Normal,0,1,NULL,NULL,NULL,NULL,NULL,NULL,NULL,NULL,NULL,NULL,NULL,NULL,NULL,207085049,No,NULL,Yes,NULL,NULL,NULL,1,3492,180423,NULL,NULL,NULL,NULL,NULL,NULL,NULL,NULL,NULL,NULL,NULL,NULL,NULL,NULL,NULL,NULL,NULL,NULL,NULL,NULL,NULL,NULL,NULL,NULL,NULL,
74682,PYRUS 12KV LN DISC,No,No,Yes,Yes,111,56,Closed,Closed,0,Isolator,0,1,NULL,NULL,NULL,NULL,NULL,NULL,NULL,NULL,NULL,NULL,NULL,NULL,NULL,NULL,No,NULL,Yes,NULL,NULL,NULL,1,3492,180497,NULL,NULL,NULL,NULL,NULL,NULL,NULL,NULL,NULL,NULL,NULL,NULL,NULL,NULL,NULL,NULL,NULL,NULL,NULL,NULL,NULL,NULL,NULL,NULL,NULL,
74683,PYRUS 12KV TB DISC,No,No,Yes,Yes,56,50,Open,Open,0,Isolator,0,1,NULL,NULL,NULL,NULL,NULL,NULL,NULL,NULL,NULL,NULL,NULL,NULL,NULL,NULL,No,NULL,Yes,NULL,NULL,NULL,1,3492,180499,NULL,NULL,NULL,NULL,NULL,NULL,NULL,NULL,NULL,NULL,NULL,NULL,NULL,NULL,NULL,NULL,NULL,NULL,NULL,NULL,NULL,NULL,NULL,NULL,NULL,
74684,NO.2 BANK 12KV OB DISC,No,No,Yes,Yes,999,112,Open,Open,0,Isolator,0,1,NULL,NULL,NULL,NULL,NULL,NULL,NULL,NULL,NULL,NULL,NULL,NULL,NULL,NULL,No,NULL,Yes,NULL,NULL,NULL,1,3492,180502,NULL,NULL,NULL,NULL,NULL,NULL,NULL,NULL,NULL,NULL,NULL,NULL,NULL,NULL,NULL,NULL,NULL,NULL,NULL,NULL,NULL,NULL,NULL,NULL,NULL,
74685,NO.2 BANK 12KV IB DISC,No,No,Yes,Yes,112,500,Closed,Closed,0,Isolator,0,1,NULL,NULL,NULL,NULL,NULL,NULL,NULL,NULL,NULL,NULL,NULL,NULL,NULL,NULL,No,NULL,Yes,NULL,NULL,NULL,1,3492,2791,NULL,NULL,NULL,NULL,NULL,NULL,NULL,NULL,NULL,NULL,NULL,NULL,NULL,NULL,NULL,NULL,NULL,NULL,NULL,NULL,NULL,NULL,NULL,NULL,NULL,
74686,NO.2 BANK 12KV CB,No,No,Yes,Yes,112,113,Closed,Closed,0,Normal,0,1,NULL,NULL,NULL,NULL,NULL,NULL,NULL,NULL,NULL,NULL,NULL,NULL,NULL,200007308,No,NULL,Yes,NULL,NULL,NULL,1,3492,180362,NULL,NULL,NULL,NULL,NULL,NULL,NULL,NULL,NULL,NULL,NULL,NULL,NULL,NULL,NULL,NULL,NULL,NULL,NULL,NULL,NULL,NULL,NULL,NULL,NULL,
74687,NO.2 BANK 12KV LN DISC,No,No,Yes,Yes,113,57,Closed,Closed,0,Isolator,0,1,NULL,NULL,NULL,NULL,NULL,NULL,NULL,NULL,NULL,NULL,NULL,NULL,NULL,NULL,No,NULL,Yes,NULL,NULL,NULL,1,3492,180503,NULL,NULL,NULL,NULL,NULL,NULL,NULL,NULL,NULL,NULL,NULL,NULL,NULL,NULL,NULL,NULL,NULL,NULL,NULL,NULL,NULL,NULL,NULL,NULL,NULL,
74688,NO.2 BANK 12KV TB DISC,No,No,Yes,Yes,57,50,Open,Open,0,Isolator,0,1,NULL,NULL,NULL,NULL,NULL,NULL,NULL,NULL,NULL,NULL,NULL,NULL,NULL,NULL,No,NULL,Yes,NULL,NULL,NULL,1,3492,180504,NULL,NULL,NULL,NULL,NULL,NULL,NULL,NULL,NULL,NULL,NULL,NULL,NULL,NULL,NULL,NULL,NULL,NULL,NULL,NULL,NULL,NULL,NULL,NULL,NULL,
74689,PRUNE 12KV OB DISC,No,No,Yes,Yes,999,114,Open,Open,0,Isolator,0,1,NULL,NULL,NULL,NULL,NULL,NULL,NULL,NULL,NULL,NULL,NULL,NULL,NULL,NULL,No,NULL,Yes,NULL,NULL,NULL,1,3492,180505,NULL,NULL,NULL,NULL,NULL,NULL,NULL,NULL,NULL,NULL,NULL,NULL,NULL,NULL,NULL,NULL,NULL,NULL,NULL,NULL,NULL,NULL,NULL,NULL,NULL,
74690,PRUNE 12KV IB DISC,No,No,Yes,Yes,114,500,Closed,Closed,0,Isolator,0,1,NULL,NULL,NULL,NULL,NULL,NULL,NULL,NULL,NULL,NULL,NULL,NULL,NULL,NULL,No,NULL,Yes,NULL,NULL,NULL,1,3492,2792,NULL,NULL,NULL,NULL,NULL,NULL,NULL,NULL,NULL,NULL,NULL,NULL,NULL,NULL,NULL,NULL,NULL,NULL,NULL,NULL,NULL,NULL,NULL,NULL,NULL,
74691,PRUNE 12KV CB,No,No,Yes,Yes,114,115,Closed,Closed,0,Normal,0,1,NULL,NULL,NULL,NULL,NULL,NULL,NULL,NULL,NULL,NULL,NULL,NULL,NULL,207085050,No,NULL,Yes,NULL,NULL,NULL,1,3492,180430,NULL,NULL,NULL,NULL,NULL,NULL,NULL,NULL,NULL,NULL,NULL,NULL,NULL,NULL,NULL,NULL,NULL,NULL,NULL,NULL,NULL,NULL,NULL,NULL,NULL,
74692,PRUNE 12KV LN DISC,No,No,Yes,Yes,115,58,Closed,Closed,0,Isolator,0,1,NULL,NULL,NULL,NULL,NULL,NULL,NULL,NULL,NULL,NULL,NULL,NULL,NULL,NULL,No,NULL,Yes,NULL,NULL,NULL,1,3492,180506,NULL,NULL,NULL,NULL,NULL,NULL,NULL,NULL,NULL,NULL,NULL,NULL,NULL,NULL,NULL,NULL,NULL,NULL,NULL,NULL,NULL,NULL,NULL,NULL,NULL,
74693,PRUNE 12KV TB DISC,No,No,Yes,Yes,58,50,Open,Open,0,Isolator,0,1,NULL,NULL,NULL,NULL,NULL,NULL,NULL,NULL,NULL,NULL,NULL,NULL,NULL,NULL,No,NULL,Yes,NULL,NULL,NULL,1,3492,180508,NULL,NULL,NULL,NULL,NULL,NULL,NULL,NULL,NULL,NULL,NULL,NULL,NULL,NULL,NULL,NULL,NULL,NULL,NULL,NULL,NULL,NULL,NULL,NULL,NULL,
74694,PRIVET 12KV OB DISC,No,No,Yes,Yes,999,116,Closed,Closed,0,Isolator,0,1,NULL,NULL,NULL,NULL,NULL,NULL,NULL,NULL,NULL,NULL,NULL,NULL,NULL,NULL,No,NULL,Yes,NULL,NULL,NULL,1,3492,180509,NULL,NULL,NULL,NULL,NULL,NULL,NULL,NULL,NULL,NULL,NULL,NULL,NULL,NULL,NULL,NULL,NULL,NULL,NULL,NULL,NULL,NULL,NULL,NULL,NULL,
74695,PRIVET 12KV IB DISC,No,No,Yes,Yes,116,500,Open,Open,0,Isolator,0,1,NULL,NULL,NULL,NULL,NULL,NULL,NULL,NULL,NULL,NULL,NULL,NULL,NULL,NULL,No,NULL,Yes,NULL,NULL,NULL,1,3492,2793,NULL,NULL,NULL,NULL,NULL,NULL,NULL,NULL,NULL,NULL,NULL,NULL,NULL,NULL,NULL,NULL,NULL,NULL,NULL,NULL,NULL,NULL,NULL,NULL,NULL,
74696,PRIVET 12KV CB,No,No,Yes,Yes,116,117,Closed,Closed,0,Normal,0,1,NULL,NULL,NULL,NULL,NULL,NULL,NULL,NULL,NULL,NULL,NULL,NULL,NULL,207085051,No,NULL,Yes,NULL,NULL,NULL,1,3492,180437,NULL,NULL,NULL,NULL,NULL,NULL,NULL,NULL,NULL,NULL,NULL,NULL,NULL,NULL,NULL,NULL,NULL,NULL,NULL,NULL,NULL,NULL,NULL,NULL,NULL,
74697,PRIVET 12KV LN DISC,No,No,Yes,Yes,117,59,Closed,Closed,0,Isolator,0,1,NULL,NULL,NULL,NULL,NULL,NULL,NULL,NULL,NULL,NULL,NULL,NULL,NULL,NULL,No,NULL,Yes,NULL,NULL,NULL,1,3492,180510,NULL,NULL,NULL,NULL,NULL,NULL,NULL,NULL,NULL,NULL,NULL,NULL,NULL,NULL,NULL,NULL,NULL,NULL,NULL,NULL,NULL,NULL,NULL,NULL,NULL,
74698,PRIVET 12KV TB DISC,No,No,Yes,Yes,59,50,Open,Open,0,Isolator,0,1,NULL,NULL,NULL,NULL,NULL,NULL,NULL,NULL,NULL,NULL,NULL,NULL,NULL,NULL,No,NULL,Yes,NULL,NULL,NULL,1,3492,180512,NULL,NULL,NULL,NULL,NULL,NULL,NULL,NULL,NULL,NULL,NULL,NULL,NULL,NULL,NULL,NULL,NULL,NULL,NULL,NULL,NULL,NULL,NULL,NULL,NULL,
74699,BS12,No,No,Yes,Yes,999,998,Closed,Closed,0,Isolator,0,1,NULL,NULL,NULL,NULL,NULL,NULL,NULL,NULL,NULL,NULL,NULL,NULL,NULL,NULL,No,NULL,Yes,NULL,NULL,NULL,1,3492,180486,NULL,NULL,NULL,NULL,NULL,NULL,NULL,NULL,NULL,NULL,NULL,NULL,NULL,NULL,NULL,NULL,NULL,NULL,NULL,NULL,NULL,NULL,NULL,NULL,NULL,
74700,BS12,No,No,Yes,Yes,500,499,Closed,Closed,0,Isolator,0,1,NULL,NULL,NULL,NULL,NULL,NULL,NULL,NULL,NULL,NULL,NULL,NULL,NULL,NULL,No,NULL,Yes,NULL,NULL,NULL,1,3492,2786,NULL,NULL,NULL,NULL,NULL,NULL,NULL,NULL,NULL,NULL,NULL,NULL,NULL,NULL,NULL,NULL,NULL,NULL,NULL,NULL,NULL,NULL,NULL,NULL,NULL,
74701,BUS TIE 12KV OB DISC,No,No,Yes,Yes,998,118,Open,Open,0,Isolator,0,1,NULL,NULL,NULL,NULL,NULL,NULL,NULL,NULL,NULL,NULL,NULL,NULL,NULL,NULL,No,NULL,Yes,NULL,NULL,NULL,1,3492,180513,NULL,NULL,NULL,NULL,NULL,NULL,NULL,NULL,NULL,NULL,NULL,NULL,NULL,NULL,NULL,NULL,NULL,NULL,NULL,NULL,NULL,NULL,NULL,NULL,NULL,
74702,BUS TIE 12KV IB DISC,No,No,Yes,Yes,118,499,Closed,Closed,0,Isolator,0,1,NULL,NULL,NULL,NULL,NULL,NULL,NULL,NULL,NULL,NULL,NULL,NULL,NULL,NULL,No,NULL,Yes,NULL,NULL,NULL,1,3492,2794,NULL,NULL,NULL,NULL,NULL,NULL,NULL,NULL,NULL,NULL,NULL,NULL,NULL,NULL,NULL,NULL,NULL,NULL,NULL,NULL,NULL,NULL,NULL,NULL,NULL,
74703,BUS TIE 12KV LN DISC,No,No,Yes,Yes,118,119,Closed,Closed,0,Isolator,0,1,NULL,NULL,NULL,NULL,NULL,NULL,NULL,NULL,NULL,NULL,NULL,NULL,NULL,NULL,No,NULL,Yes,NULL,NULL,NULL,1,3492,180514,NULL,NULL,NULL,NULL,NULL,NULL,NULL,NULL,NULL,NULL,NULL,NULL,NULL,NULL,NULL,NULL,NULL,NULL,NULL,NULL,NULL,NULL,NULL,NULL,NULL,
74704,BUS TIE 12KV CB,No,No,Yes,Yes,119,60,Closed,Closed,0,Normal,0,1,NULL,NULL,NULL,NULL,NULL,NULL,NULL,NULL,NULL,NULL,NULL,NULL,NULL,200007303,No,NULL,Yes,NULL,NULL,NULL,1,3492,180444,NULL,NULL,NULL,NULL,NULL,NULL,NULL,NULL,NULL,NULL,NULL,NULL,NULL,NULL,NULL,NULL,NULL,NULL,NULL,NULL,NULL,NULL,NULL,NULL,NULL,
74705,BUS TIE 12KV TB DISC,No,No,Yes,Yes,60,50,Closed,Closed,0,Isolator,0,1,NULL,NULL,NULL,NULL,NULL,NULL,NULL,NULL,NULL,NULL,NULL,NULL,NULL,NULL,No,NULL,Yes,NULL,NULL,NULL,1,3492,180515,NULL,NULL,NULL,NULL,NULL,NULL,NULL,NULL,NULL,NULL,NULL,NULL,NULL,NULL,NULL,NULL,NULL,NULL,NULL,NULL,NULL,NULL,NULL,NULL,NULL,
74706,BS23,No,No,Yes,Yes,998,997,Closed,Closed,0,Isolator,0,1,NULL,NULL,NULL,NULL,NULL,NULL,NULL,NULL,NULL,NULL,NULL,NULL,NULL,NULL,No,NULL,Yes,NULL,NULL,NULL,1,3492,180487,NULL,NULL,NULL,NULL,NULL,NULL,NULL,NULL,NULL,NULL,NULL,NULL,NULL,NULL,NULL,NULL,NULL,NULL,NULL,NULL,NULL,NULL,NULL,NULL,NULL,
74707,BS23,No,No,Yes,Yes,499,498,Closed,Closed,0,Isolator,0,1,NULL,NULL,NULL,NULL,NULL,NULL,NULL,NULL,NULL,NULL,NULL,NULL,NULL,NULL,No,NULL,Yes,NULL,NULL,NULL,1,3492,2787,NULL,NULL,NULL,NULL,NULL,NULL,NULL,NULL,NULL,NULL,NULL,NULL,NULL,NULL,NULL,NULL,NULL,NULL,NULL,NULL,NULL,NULL,NULL,NULL,NULL,
74708,HACKBERRY 12KV OB DISC,No,No,Yes,Yes,997,120,Closed,Closed,0,Isolator,0,1,NULL,NULL,NULL,NULL,NULL,NULL,NULL,NULL,NULL,NULL,NULL,NULL,NULL,NULL,No,NULL,Yes,NULL,NULL,NULL,1,3492,2802,NULL,NULL,NULL,NULL,NULL,NULL,NULL,NULL,NULL,NULL,NULL,NULL,NULL,NULL,NULL,NULL,NULL,NULL,NULL,NULL,NULL,NULL,NULL,NULL,NULL,
74709,HACKBERRY 12KV IB DISC,No,No,Yes,Yes,120,498,Open,Open,0,Isolator,0,1,NULL,NULL,NULL,NULL,NULL,NULL,NULL,NULL,NULL,NULL,NULL,NULL,NULL,NULL,No,NULL,Yes,NULL,NULL,NULL,1,3492,2801,NULL,NULL,NULL,NULL,NULL,NULL,NULL,NULL,NULL,NULL,NULL,NULL,NULL,NULL,NULL,NULL,NULL,NULL,NULL,NULL,NULL,NULL,NULL,NULL,NULL,
74710,HACKBERRY 12KV CB,No,No,Yes,Yes,120,121,Closed,Closed,0,Normal,0,1,NULL,NULL,NULL,NULL,NULL,NULL,NULL,NULL,NULL,NULL,NULL,NULL,NULL,200011290,No,NULL,Yes,NULL,NULL,NULL,1,3492,253895,NULL,NULL,NULL,NULL,NULL,NULL,NULL,NULL,NULL,NULL,NULL,NULL,NULL,NULL,NULL,NULL,NULL,NULL,NULL,NULL,NULL,NULL,NULL,NULL,NULL,
74711,HACKBERRY 12KV LN DISC,No,No,Yes,Yes,121,61,Closed,Closed,0,Isolator,0,1,NULL,NULL,NULL,NULL,NULL,NULL,NULL,NULL,NULL,NULL,NULL,NULL,NULL,NULL,No,NULL,Yes,NULL,NULL,NULL,1,3492,2803,NULL,NULL,NULL,NULL,NULL,NULL,NULL,NULL,NULL,NULL,NULL,NULL,NULL,NULL,NULL,NULL,NULL,NULL,NULL,NULL,NULL,NULL,NULL,NULL,NULL,
74712,HACKBERRY 12KV TB DISC,No,No,Yes,Yes,61,50,Open,Open,0,Isolator,0,1,NULL,NULL,NULL,NULL,NULL,NULL,NULL,NULL,NULL,NULL,NULL,NULL,NULL,NULL,No,NULL,Yes,NULL,NULL,NULL,1,3492,2804,NULL,NULL,NULL,NULL,NULL,NULL,NULL,NULL,NULL,NULL,NULL,NULL,NULL,NULL,NULL,NULL,NULL,NULL,NULL,NULL,NULL,NULL,NULL,NULL,NULL,
74713,RICKO 12KV OB DISC,No,No,Yes,Yes,997,122,Open,Open,0,Isolator,0,1,NULL,NULL,NULL,NULL,NULL,NULL,NULL,NULL,NULL,NULL,NULL,NULL,NULL,NULL,No,NULL,Yes,NULL,NULL,NULL,1,3492,2808,NULL,NULL,NULL,NULL,NULL,NULL,NULL,NULL,NULL,NULL,NULL,NULL,NULL,NULL,NULL,NULL,NULL,NULL,NULL,NULL,NULL,NULL,NULL,NULL,NULL,
74714,RICKO 12KV IB DISC,No,No,Yes,Yes,122,498,Closed,Closed,0,Isolator,0,1,NULL,NULL,NULL,NULL,NULL,NULL,NULL,NULL,NULL,NULL,NULL,NULL,NULL,NULL,No,NULL,Yes,NULL,NULL,NULL,1,3492,2807,NULL,NULL,NULL,NULL,NULL,NULL,NULL,NULL,NULL,NULL,NULL,NULL,NULL,NULL,NULL,NULL,NULL,NULL,NULL,NULL,NULL,NULL,NULL,NULL,NULL,
74715,RICKO 12KV CB,No,No,Yes,Yes,122,123,Closed,Closed,0,Normal,0,1,NULL,NULL,NULL,NULL,NULL,NULL,NULL,NULL,NULL,NULL,NULL,NULL,NULL,200011291,No,NULL,Yes,NULL,NULL,NULL,1,3492,253903,NULL,NULL,NULL,NULL,NULL,NULL,NULL,NULL,NULL,NULL,NULL,NULL,NULL,NULL,NULL,NULL,NULL,NULL,NULL,NULL,NULL,NULL,NULL,NULL,NULL,
74716,RICKO 12KV LN DISC,No,No,Yes,Yes,123,62,Closed,Closed,0,Isolator,0,1,NULL,NULL,NULL,NULL,NULL,NULL,NULL,NULL,NULL,NULL,NULL,NULL,NULL,NULL,No,NULL,Yes,NULL,NULL,NULL,1,3492,2806,NULL,NULL,NULL,NULL,NULL,NULL,NULL,NULL,NULL,NULL,NULL,NULL,NULL,NULL,NULL,NULL,NULL,NULL,NULL,NULL,NULL,NULL,NULL,NULL,NULL,
74717,RICKO 12KV TB DISC,No,No,Yes,Yes,62,50,Open,Open,0,Isolator,0,1,NULL,NULL,NULL,NULL,NULL,NULL,NULL,NULL,NULL,NULL,NULL,NULL,NULL,NULL,No,NULL,Yes,NULL,NULL,NULL,1,3492,2805,NULL,NULL,NULL,NULL,NULL,NULL,NULL,NULL,NULL,NULL,NULL,NULL,NULL,NULL,NULL,NULL,NULL,NULL,NULL,NULL,NULL,NULL,NULL,NULL,NULL,
74718,BUS PARALLEL 12KV OB DISC,No,No,Yes,Yes,997,124,Closed,Closed,0,Isolator,0,1,NULL,NULL,NULL,NULL,NULL,NULL,NULL,NULL,NULL,NULL,NULL,NULL,NULL,NULL,No,NULL,Yes,NULL,NULL,NULL,1,3492,2799,NULL,NULL,NULL,NULL,NULL,NULL,NULL,NULL,NULL,NULL,NULL,NULL,NULL,NULL,NULL,NULL,NULL,NULL,NULL,NULL,NULL,NULL,NULL,NULL,NULL,
74719,BUS PARALLEL 12KV CB,No,No,Yes,Yes,124,125,Open,Open,0,Normal,0,1,NULL,NULL,NULL,NULL,NULL,NULL,NULL,NULL,NULL,NULL,NULL,NULL,NULL,200011292,No,NULL,Yes,NULL,NULL,NULL,1,3492,253877,NULL,NULL,NULL,NULL,NULL,NULL,NULL,NULL,NULL,NULL,NULL,NULL,NULL,NULL,NULL,NULL,NULL,NULL,NULL,NULL,NULL,NULL,NULL,NULL,NULL,
74720,BUS PARALLEL 12KV IB DISC,No,No,Yes,Yes,125,498,Closed,Closed,0,Isolator,0,1,NULL,NULL,NULL,NULL,NULL,NULL,NULL,NULL,NULL,NULL,NULL,NULL,NULL,NULL,No,NULL,Yes,NULL,NULL,NULL,1,3492,2800,NULL,NULL,NULL,NULL,NULL,NULL,NULL,NULL,NULL,NULL,NULL,NULL,NULL,NULL,NULL,NULL,NULL,NULL,NULL,NULL,NULL,NULL,NULL,NULL,NULL,
74827,ARGO N 12KV OB DISC,No,No,Yes,Yes,999,100,Closed,Closed,0,Isolator,0,1,NULL,NULL,NULL,NULL,NULL,NULL,NULL,NULL,NULL,NULL,NULL,NULL,NULL,NULL,No,NULL,Yes,NULL,NULL,NULL,1,3494,143404,NULL,NULL,NULL,NULL,NULL,NULL,NULL,NULL,NULL,NULL,NULL,NULL,NULL,NULL,NULL,NULL,NULL,NULL,NULL,NULL,NULL,NULL,NULL,NULL,NULL,
74828,ARGO N 12KV CB,No,No,Yes,Yes,100,101,Closed,Closed,0,Normal,0,1,NULL,NULL,NULL,NULL,NULL,NULL,NULL,NULL,NULL,NULL,NULL,NULL,NULL,207252830,No,NULL,Yes,NULL,NULL,NULL,1,3494,141698,NULL,NULL,NULL,NULL,NULL,NULL,NULL,NULL,NULL,NULL,NULL,NULL,NULL,NULL,NULL,NULL,NULL,NULL,NULL,NULL,NULL,NULL,NULL,NULL,NULL,
74829,ARGO N 12KV LN DISC,No,No,Yes,Yes,101,51,Closed,Closed,0,Isolator,0,1,NULL,NULL,NULL,NULL,NULL,NULL,NULL,NULL,NULL,NULL,NULL,NULL,NULL,NULL,No,NULL,Yes,NULL,NULL,NULL,1,3494,143405,NULL,NULL,NULL,NULL,NULL,NULL,NULL,NULL,NULL,NULL,NULL,NULL,NULL,NULL,NULL,NULL,NULL,NULL,NULL,NULL,NULL,NULL,NULL,NULL,NULL,
74830,ARGO S 12KV LN DISC,No,No,Yes,Yes,51,102,Closed,Closed,0,Isolator,0,1,NULL,NULL,NULL,NULL,NULL,NULL,NULL,NULL,NULL,NULL,NULL,NULL,NULL,NULL,No,NULL,Yes,NULL,NULL,NULL,1,3494,143407,NULL,NULL,NULL,NULL,NULL,NULL,NULL,NULL,NULL,NULL,NULL,NULL,NULL,NULL,NULL,NULL,NULL,NULL,NULL,NULL,NULL,NULL,NULL,NULL,NULL,
74831,ARGO S 12KV CB,No,No,Yes,Yes,102,103,Open,Open,0,Normal,0,1,NULL,NULL,NULL,NULL,NULL,NULL,NULL,NULL,NULL,NULL,NULL,NULL,NULL,205700042,No,NULL,Yes,NULL,NULL,NULL,1,3494,141699,NULL,NULL,NULL,NULL,NULL,NULL,NULL,NULL,NULL,NULL,NULL,NULL,NULL,NULL,NULL,NULL,NULL,NULL,NULL,NULL,NULL,NULL,NULL,NULL,NULL,
74832,ARGO S 12KV OB DISC,No,No,Yes,Yes,103,50,Closed,Closed,0,Isolator,0,1,NULL,NULL,NULL,NULL,NULL,NULL,NULL,NULL,NULL,NULL,NULL,NULL,NULL,NULL,No,NULL,Yes,NULL,NULL,NULL,1,3494,143408,NULL,NULL,NULL,NULL,NULL,NULL,NULL,NULL,NULL,NULL,NULL,NULL,NULL,NULL,NULL,NULL,NULL,NULL,NULL,NULL,NULL,NULL,NULL,NULL,NULL,
74833,OMEGA N 12KV OB DISC,No,No,Yes,Yes,999,104,Closed,Closed,0,Isolator,0,1,NULL,NULL,NULL,NULL,NULL,NULL,NULL,NULL,NULL,NULL,NULL,NULL,NULL,NULL,No,NULL,Yes,NULL,NULL,NULL,1,3494,143409,NULL,NULL,NULL,NULL,NULL,NULL,NULL,NULL,NULL,NULL,NULL,NULL,NULL,NULL,NULL,NULL,NULL,NULL,NULL,NULL,NULL,NULL,NULL,NULL,NULL,
74834,OMEGA N 12KV CB,No,No,Yes,Yes,104,105,Open,Open,0,Normal,0,1,NULL,NULL,NULL,NULL,NULL,NULL,NULL,NULL,NULL,NULL,NULL,NULL,NULL,207071664,No,NULL,Yes,NULL,NULL,NULL,1,3494,141707,NULL,NULL,NULL,NULL,NULL,NULL,NULL,NULL,NULL,NULL,NULL,NULL,NULL,NULL,NULL,NULL,NULL,NULL,NULL,NULL,NULL,NULL,NULL,NULL,NULL,
74835,OMEGA N 12KV LN DISC,No,No,Yes,Yes,105,52,Closed,Closed,0,Isolator,0,1,NULL,NULL,NULL,NULL,NULL,NULL,NULL,NULL,NULL,NULL,NULL,NULL,NULL,NULL,No,NULL,Yes,NULL,NULL,NULL,1,3494,143410,NULL,NULL,NULL,NULL,NULL,NULL,NULL,NULL,NULL,NULL,NULL,NULL,NULL,NULL,NULL,NULL,NULL,NULL,NULL,NULL,NULL,NULL,NULL,NULL,NULL,
74836,OMEGA S 12KV LN DISC,No,No,Yes,Yes,52,106,Closed,Closed,0,Isolator,0,1,NULL,NULL,NULL,NULL,NULL,NULL,NULL,NULL,NULL,NULL,NULL,NULL,NULL,NULL,No,NULL,Yes,NULL,NULL,NULL,1,3494,143412,NULL,NULL,NULL,NULL,NULL,NULL,NULL,NULL,NULL,NULL,NULL,NULL,NULL,NULL,NULL,NULL,NULL,NULL,NULL,NULL,NULL,NULL,NULL,NULL,NULL,
74837,OMEGA S 12KV CB,No,No,Yes,Yes,106,107,Closed,Closed,0,Normal,0,1,NULL,NULL,NULL,NULL,NULL,NULL,NULL,NULL,NULL,NULL,NULL,NULL,NULL,207071702,No,NULL,Yes,NULL,NULL,NULL,1,3494,141708,NULL,NULL,NULL,NULL,NULL,NULL,NULL,NULL,NULL,NULL,NULL,NULL,NULL,NULL,NULL,NULL,NULL,NULL,NULL,NULL,NULL,NULL,NULL,NULL,NULL,
74838,OMEGA S 12KV OB DISC,No,No,Yes,Yes,107,50,Closed,Closed,0,Isolator,0,1,NULL,NULL,NULL,NULL,NULL,NULL,NULL,NULL,NULL,NULL,NULL,NULL,NULL,NULL,No,NULL,Yes,NULL,NULL,NULL,1,3494,143413,NULL,NULL,NULL,NULL,NULL,NULL,NULL,NULL,NULL,NULL,NULL,NULL,NULL,NULL,NULL,NULL,NULL,NULL,NULL,NULL,NULL,NULL,NULL,NULL,NULL,
74839,BIOLA N 12KV OB DISC,No,No,Yes,Yes,999,108,Closed,Closed,0,Isolator,0,1,NULL,NULL,NULL,NULL,NULL,NULL,NULL,NULL,NULL,NULL,NULL,NULL,NULL,NULL,No,NULL,Yes,NULL,NULL,NULL,1,3494,143414,NULL,NULL,NULL,NULL,NULL,NULL,NULL,NULL,NULL,NULL,NULL,NULL,NULL,NULL,NULL,NULL,NULL,NULL,NULL,NULL,NULL,NULL,NULL,NULL,NULL,
74840,BIOLA N 12KV CB,No,No,Yes,Yes,108,109,Open,Open,0,Normal,0,1,NULL,NULL,NULL,NULL,NULL,NULL,NULL,NULL,NULL,NULL,NULL,NULL,NULL,206765494,No,NULL,Yes,NULL,NULL,NULL,1,3494,141716,NULL,NULL,NULL,NULL,NULL,NULL,NULL,NULL,NULL,NULL,NULL,NULL,NULL,NULL,NULL,NULL,NULL,NULL,NULL,NULL,NULL,NULL,NULL,NULL,NULL,
74841,BIOLA N 12KV LN DISC,No,No,Yes,Yes,109,53,Closed,Closed,0,Isolator,0,1,NULL,NULL,NULL,NULL,NULL,NULL,NULL,NULL,NULL,NULL,NULL,NULL,NULL,NULL,No,NULL,Yes,NULL,NULL,NULL,1,3494,143415,NULL,NULL,NULL,NULL,NULL,NULL,NULL,NULL,NULL,NULL,NULL,NULL,NULL,NULL,NULL,NULL,NULL,NULL,NULL,NULL,NULL,NULL,NULL,NULL,NULL,
74842,BIOLA S 12KV LN DISC,No,No,Yes,Yes,53,110,Closed,Closed,0,Isolator,0,1,NULL,NULL,NULL,NULL,NULL,NULL,NULL,NULL,NULL,NULL,NULL,NULL,NULL,NULL,No,NULL,Yes,NULL,NULL,NULL,1,3494,143417,NULL,NULL,NULL,NULL,NULL,NULL,NULL,NULL,NULL,NULL,NULL,NULL,NULL,NULL,NULL,NULL,NULL,NULL,NULL,NULL,NULL,NULL,NULL,NULL,NULL,
74843,BIOLA S 12KV CB,No,No,Yes,Yes,110,111,Closed,Closed,0,Normal,0,1,NULL,NULL,NULL,NULL,NULL,NULL,NULL,NULL,NULL,NULL,NULL,NULL,NULL,207044679,No,NULL,Yes,NULL,NULL,NULL,1,3494,141717,NULL,NULL,NULL,NULL,NULL,NULL,NULL,NULL,NULL,NULL,NULL,NULL,NULL,NULL,NULL,NULL,NULL,NULL,NULL,NULL,NULL,NULL,NULL,NULL,NULL,
74844,BIOLA S 12KV OB DISC,No,No,Yes,Yes,111,50,Closed,Closed,0,Isolator,0,1,NULL,NULL,NULL,NULL,NULL,NULL,NULL,NULL,NULL,NULL,NULL,NULL,NULL,NULL,No,NULL,Yes,NULL,NULL,NULL,1,3494,143418,NULL,NULL,NULL,NULL,NULL,NULL,NULL,NULL,NULL,NULL,NULL,NULL,NULL,NULL,NULL,NULL,NULL,NULL,NULL,NULL,NULL,NULL,NULL,NULL,NULL,
74845,NO.1 BANK N 12KV OB DISC,No,No,Yes,Yes,999,112,Closed,Closed,0,Isolator,0,1,NULL,NULL,NULL,NULL,NULL,NULL,NULL,NULL,NULL,NULL,NULL,NULL,NULL,NULL,No,NULL,Yes,NULL,NULL,NULL,1,3494,143419,NULL,NULL,NULL,NULL,NULL,NULL,NULL,NULL,NULL,NULL,NULL,NULL,NULL,NULL,NULL,NULL,NULL,NULL,NULL,NULL,NULL,NULL,NULL,NULL,NULL,
74846,NO.1 BANK N 12KV CB,No,No,Yes,Yes,112,113,Closed,Closed,0,Normal,0,1,NULL,NULL,NULL,NULL,NULL,NULL,NULL,NULL,NULL,NULL,NULL,NULL,NULL,205699993,No,NULL,Yes,NULL,NULL,NULL,1,3494,141637,NULL,NULL,NULL,NULL,NULL,NULL,NULL,NULL,NULL,NULL,NULL,NULL,NULL,NULL,NULL,NULL,NULL,NULL,NULL,NULL,NULL,NULL,NULL,NULL,NULL,
74847,NO.1 BANK N 12KV LN DISC,No,No,Yes,Yes,113,54,Closed,Closed,0,Isolator,0,1,NULL,NULL,NULL,NULL,NULL,NULL,NULL,NULL,NULL,NULL,NULL,NULL,NULL,NULL,No,NULL,Yes,NULL,NULL,NULL,1,3494,143420,NULL,NULL,NULL,NULL,NULL,NULL,NULL,NULL,NULL,NULL,NULL,NULL,NULL,NULL,NULL,NULL,NULL,NULL,NULL,NULL,NULL,NULL,NULL,NULL,NULL,
74848,NO.1 BANK S 12KV LN DISC,No,No,Yes,Yes,54,114,Closed,Closed,0,Isolator,0,1,NULL,NULL,NULL,NULL,NULL,NULL,NULL,NULL,NULL,NULL,NULL,NULL,NULL,NULL,No,NULL,Yes,NULL,NULL,NULL,1,3494,143421,NULL,NULL,NULL,NULL,NULL,NULL,NULL,NULL,NULL,NULL,NULL,NULL,NULL,NULL,NULL,NULL,NULL,NULL,NULL,NULL,NULL,NULL,NULL,NULL,NULL,
74849,NO.1 BANK S 12KV CB,No,No,Yes,Yes,114,115,Open,Open,0,Normal,0,1,NULL,NULL,NULL,NULL,NULL,NULL,NULL,NULL,NULL,NULL,NULL,NULL,NULL,205699994,No,NULL,Yes,NULL,NULL,NULL,1,3494,141638,NULL,NULL,NULL,NULL,NULL,NULL,NULL,NULL,NULL,NULL,NULL,NULL,NULL,NULL,NULL,NULL,NULL,NULL,NULL,NULL,NULL,NULL,NULL,NULL,NULL,
74850,NO.1 BANK S 12KV OB DISC,No,No,Yes,Yes,115,50,Closed,Closed,0,Isolator,0,1,NULL,NULL,NULL,NULL,NULL,NULL,NULL,NULL,NULL,NULL,NULL,NULL,NULL,NULL,No,NULL,Yes,NULL,NULL,NULL,1,3494,143422,NULL,NULL,NULL,NULL,NULL,NULL,NULL,NULL,NULL,NULL,NULL,NULL,NULL,NULL,NULL,NULL,NULL,NULL,NULL,NULL,NULL,NULL,NULL,NULL,NULL,
74851,DRUM N 12KV OB DISC,No,No,Yes,Yes,999,116,Closed,Closed,0,Isolator,0,1,NULL,NULL,NULL,NULL,NULL,NULL,NULL,NULL,NULL,NULL,NULL,NULL,NULL,NULL,No,NULL,Yes,NULL,NULL,NULL,1,3494,143423,NULL,NULL,NULL,NULL,NULL,NULL,NULL,NULL,NULL,NULL,NULL,NULL,NULL,NULL,NULL,NULL,NULL,NULL,NULL,NULL,NULL,NULL,NULL,NULL,NULL,
74852,DRUM N 12KV CB,No,No,Yes,Yes,116,117,Open,Open,0,Normal,0,1,NULL,NULL,NULL,NULL,NULL,NULL,NULL,NULL,NULL,NULL,NULL,NULL,NULL,206765493,No,NULL,Yes,NULL,NULL,NULL,1,3494,141725,NULL,NULL,NULL,NULL,NULL,NULL,NULL,NULL,NULL,NULL,NULL,NULL,NULL,NULL,NULL,NULL,NULL,NULL,NULL,NULL,NULL,NULL,NULL,NULL,NULL,
74853,DRUM N 12KV LN DISC,No,No,Yes,Yes,117,55,Closed,Closed,0,Isolator,0,1,NULL,NULL,NULL,NULL,NULL,NULL,NULL,NULL,NULL,NULL,NULL,NULL,NULL,NULL,No,NULL,Yes,NULL,NULL,NULL,1,3494,143424,NULL,NULL,NULL,NULL,NULL,NULL,NULL,NULL,NULL,NULL,NULL,NULL,NULL,NULL,NULL,NULL,NULL,NULL,NULL,NULL,NULL,NULL,NULL,NULL,NULL,
74854,DRUM S 12KV LN DISC,No,No,Yes,Yes,55,118,Closed,Closed,0,Isolator,0,1,NULL,NULL,NULL,NULL,NULL,NULL,NULL,NULL,NULL,NULL,NULL,NULL,NULL,NULL,No,NULL,Yes,NULL,NULL,NULL,1,3494,143426,NULL,NULL,NULL,NULL,NULL,NULL,NULL,NULL,NULL,NULL,NULL,NULL,NULL,NULL,NULL,NULL,NULL,NULL,NULL,NULL,NULL,NULL,NULL,NULL,NULL,
74855,DRUM S 12KV CB,No,No,Yes,Yes,118,119,Closed,Closed,0,Normal,0,1,NULL,NULL,NULL,NULL,NULL,NULL,NULL,NULL,NULL,NULL,NULL,NULL,NULL,206765496,No,NULL,Yes,NULL,NULL,NULL,1,3494,141726,NULL,NULL,NULL,NULL,NULL,NULL,NULL,NULL,NULL,NULL,NULL,NULL,NULL,NULL,NULL,NULL,NULL,NULL,NULL,NULL,NULL,NULL,NULL,NULL,NULL,
74856,DRUM S 12KV OB DISC,No,No,Yes,Yes,119,50,Closed,Closed,0,Isolator,0,1,NULL,NULL,NULL,NULL,NULL,NULL,NULL,NULL,NULL,NULL,NULL,NULL,NULL,NULL,No,NULL,Yes,NULL,NULL,NULL,1,3494,143427,NULL,NULL,NULL,NULL,NULL,NULL,NULL,NULL,NULL,NULL,NULL,NULL,NULL,NULL,NULL,NULL,NULL,NULL,NULL,NULL,NULL,NULL,NULL,NULL,NULL,
74857,KAPPA N 12KV OB DISC,No,No,Yes,Yes,999,120,Closed,Closed,0,Isolator,0,1,NULL,NULL,NULL,NULL,NULL,NULL,NULL,NULL,NULL,NULL,NULL,NULL,NULL,NULL,No,NULL,Yes,NULL,NULL,NULL,1,3494,143428,NULL,NULL,NULL,NULL,NULL,NULL,NULL,NULL,NULL,NULL,NULL,NULL,NULL,NULL,NULL,NULL,NULL,NULL,NULL,NULL,NULL,NULL,NULL,NULL,NULL,
74858,KAPPA N 12KV CB,No,No,Yes,Yes,120,121,Closed,Closed,0,Normal,0,1,NULL,NULL,NULL,NULL,NULL,NULL,NULL,NULL,NULL,NULL,NULL,NULL,NULL,206765489,No,NULL,Yes,NULL,NULL,NULL,1,3494,141734,NULL,NULL,NULL,NULL,NULL,NULL,NULL,NULL,NULL,NULL,NULL,NULL,NULL,NULL,NULL,NULL,NULL,NULL,NULL,NULL,NULL,NULL,NULL,NULL,NULL,
74859,KAPPA N 12KV LN DISC,No,No,Yes,Yes,121,56,Closed,Closed,0,Isolator,0,1,NULL,NULL,NULL,NULL,NULL,NULL,NULL,NULL,NULL,NULL,NULL,NULL,NULL,NULL,No,NULL,Yes,NULL,NULL,NULL,1,3494,143429,NULL,NULL,NULL,NULL,NULL,NULL,NULL,NULL,NULL,NULL,NULL,NULL,NULL,NULL,NULL,NULL,NULL,NULL,NULL,NULL,NULL,NULL,NULL,NULL,NULL,
74860,KAPPA S 12KV LN DISC,No,No,Yes,Yes,56,122,Closed,Closed,0,Isolator,0,1,NULL,NULL,NULL,NULL,NULL,NULL,NULL,NULL,NULL,NULL,NULL,NULL,NULL,NULL,No,NULL,Yes,NULL,NULL,NULL,1,3494,143431,NULL,NULL,NULL,NULL,NULL,NULL,NULL,NULL,NULL,NULL,NULL,NULL,NULL,NULL,NULL,NULL,NULL,NULL,NULL,NULL,NULL,NULL,NULL,NULL,NULL,
74861,KAPPA S 12KV CB,No,No,Yes,Yes,122,123,Open,Open,0,Normal,0,1,NULL,NULL,NULL,NULL,NULL,NULL,NULL,NULL,NULL,NULL,NULL,NULL,NULL,206765486,No,NULL,Yes,NULL,NULL,NULL,1,3494,141735,NULL,NULL,NULL,NULL,NULL,NULL,NULL,NULL,NULL,NULL,NULL,NULL,NULL,NULL,NULL,NULL,NULL,NULL,NULL,NULL,NULL,NULL,NULL,NULL,NULL,
74862,KAPPA S 12KV OB DISC,No,No,Yes,Yes,123,50,Closed,Closed,0,Isolator,0,1,NULL,NULL,NULL,NULL,NULL,NULL,NULL,NULL,NULL,NULL,NULL,NULL,NULL,NULL,No,NULL,Yes,NULL,NULL,NULL,1,3494,143432,NULL,NULL,NULL,NULL,NULL,NULL,NULL,NULL,NULL,NULL,NULL,NULL,NULL,NULL,NULL,NULL,NULL,NULL,NULL,NULL,NULL,NULL,NULL,NULL,NULL,
74863,OLDS N 12KV OB DISC,No,No,Yes,Yes,999,124,Closed,Closed,0,Isolator,0,1,NULL,NULL,NULL,NULL,NULL,NULL,NULL,NULL,NULL,NULL,NULL,NULL,NULL,NULL,No,NULL,Yes,NULL,NULL,NULL,1,3494,143433,NULL,NULL,NULL,NULL,NULL,NULL,NULL,NULL,NULL,NULL,NULL,NULL,NULL,NULL,NULL,NULL,NULL,NULL,NULL,NULL,NULL,NULL,NULL,NULL,NULL,
74864,OLDS N 12KV CB,No,No,Yes,Yes,124,125,Closed,Closed,0,Normal,0,1,NULL,NULL,NULL,NULL,NULL,NULL,NULL,NULL,NULL,NULL,NULL,NULL,NULL,207005811,No,NULL,Yes,NULL,NULL,NULL,1,3494,141743,NULL,NULL,NULL,NULL,NULL,NULL,NULL,NULL,NULL,NULL,NULL,NULL,NULL,NULL,NULL,NULL,NULL,NULL,NULL,NULL,NULL,NULL,NULL,NULL,NULL,
74865,OLDS N 12KV LN DISC,No,No,Yes,Yes,125,57,Closed,Closed,0,Isolator,0,1,NULL,NULL,NULL,NULL,NULL,NULL,NULL,NULL,NULL,NULL,NULL,NULL,NULL,NULL,No,NULL,Yes,NULL,NULL,NULL,1,3494,143434,NULL,NULL,NULL,NULL,NULL,NULL,NULL,NULL,NULL,NULL,NULL,NULL,NULL,NULL,NULL,NULL,NULL,NULL,NULL,NULL,NULL,NULL,NULL,NULL,NULL,
74866,OLDS S 12KV LN DISC,No,No,Yes,Yes,57,126,Closed,Closed,0,Isolator,0,1,NULL,NULL,NULL,NULL,NULL,NULL,NULL,NULL,NULL,NULL,NULL,NULL,NULL,NULL,No,NULL,Yes,NULL,NULL,NULL,1,3494,143436,NULL,NULL,NULL,NULL,NULL,NULL,NULL,NULL,NULL,NULL,NULL,NULL,NULL,NULL,NULL,NULL,NULL,NULL,NULL,NULL,NULL,NULL,NULL,NULL,NULL,
74867,OLDS S 12KV CB,No,No,Yes,Yes,126,127,Open,Open,0,Normal,0,1,NULL,NULL,NULL,NULL,NULL,NULL,NULL,NULL,NULL,NULL,NULL,NULL,NULL,206765490,No,NULL,Yes,NULL,NULL,NULL,1,3494,141744,NULL,NULL,NULL,NULL,NULL,NULL,NULL,NULL,NULL,NULL,NULL,NULL,NULL,NULL,NULL,NULL,NULL,NULL,NULL,NULL,NULL,NULL,NULL,NULL,NULL,
74868,OLDS S 12KV OB DISC,No,No,Yes,Yes,127,50,Closed,Closed,0,Isolator,0,1,NULL,NULL,NULL,NULL,NULL,NULL,NULL,NULL,NULL,NULL,NULL,NULL,NULL,NULL,No,NULL,Yes,NULL,NULL,NULL,1,3494,143437,NULL,NULL,NULL,NULL,NULL,NULL,NULL,NULL,NULL,NULL,NULL,NULL,NULL,NULL,NULL,NULL,NULL,NULL,NULL,NULL,NULL,NULL,NULL,NULL,NULL,
74869,BT N 12KV OB DISC,No,No,Yes,Yes,999,128,Open,Open,0,Isolator,0,1,NULL,NULL,NULL,NULL,NULL,NULL,NULL,NULL,NULL,NULL,NULL,NULL,NULL,NULL,No,NULL,Yes,NULL,NULL,NULL,1,3494,143438,NULL,NULL,NULL,NULL,NULL,NULL,NULL,NULL,NULL,NULL,NULL,NULL,NULL,NULL,NULL,NULL,NULL,NULL,NULL,NULL,NULL,NULL,NULL,NULL,NULL,
74874,BT S 12KV OB DISC,No,No,Yes,Yes,128,50,Closed,Closed,0,Isolator,0,1,NULL,NULL,NULL,NULL,NULL,NULL,NULL,NULL,NULL,NULL,NULL,NULL,NULL,NULL,No,NULL,Yes,NULL,NULL,NULL,1,3494,143439,NULL,NULL,NULL,NULL,NULL,NULL,NULL,NULL,NULL,NULL,NULL,NULL,NULL,NULL,NULL,NULL,NULL,NULL,NULL,NULL,NULL,NULL,NULL,NULL,NULL,
74875,MERCADO N 12KV OB DISC,No,No,Yes,Yes,999,132,Closed,Closed,0,Isolator,0,1,NULL,NULL,NULL,NULL,NULL,NULL,NULL,NULL,NULL,NULL,NULL,NULL,NULL,NULL,No,NULL,Yes,NULL,NULL,NULL,1,3494,143441,NULL,NULL,NULL,NULL,NULL,NULL,NULL,NULL,NULL,NULL,NULL,NULL,NULL,NULL,NULL,NULL,NULL,NULL,NULL,NULL,NULL,NULL,NULL,NULL,NULL,
74876,MERCADO N 12KV CB,No,No,Yes,Yes,132,133,Open,Open,0,Normal,0,1,NULL,NULL,NULL,NULL,NULL,NULL,NULL,NULL,NULL,NULL,NULL,NULL,NULL,206965941,No,NULL,Yes,NULL,NULL,NULL,1,3494,141752,NULL,NULL,NULL,NULL,NULL,NULL,NULL,NULL,NULL,NULL,NULL,NULL,NULL,NULL,NULL,NULL,NULL,NULL,NULL,NULL,NULL,NULL,NULL,NULL,NULL,
74877,MERCADO N 12KV LN DISC,No,No,Yes,Yes,133,59,Closed,Closed,0,Isolator,0,1,NULL,NULL,NULL,NULL,NULL,NULL,NULL,NULL,NULL,NULL,NULL,NULL,NULL,NULL,No,NULL,Yes,NULL,NULL,NULL,1,3494,143442,NULL,NULL,NULL,NULL,NULL,NULL,NULL,NULL,NULL,NULL,NULL,NULL,NULL,NULL,NULL,NULL,NULL,NULL,NULL,NULL,NULL,NULL,NULL,NULL,NULL,
74878,MERCADO S 12KV LN DISC,No,No,Yes,Yes,59,134,Closed,Closed,0,Isolator,0,1,NULL,NULL,NULL,NULL,NULL,NULL,NULL,NULL,NULL,NULL,NULL,NULL,NULL,NULL,No,NULL,Yes,NULL,NULL,NULL,1,3494,143444,NULL,NULL,NULL,NULL,NULL,NULL,NULL,NULL,NULL,NULL,NULL,NULL,NULL,NULL,NULL,NULL,NULL,NULL,NULL,NULL,NULL,NULL,NULL,NULL,NULL,
74879,MERCADO S 12KV CB,No,No,Yes,Yes,134,135,Closed,Closed,0,Normal,0,1,NULL,NULL,NULL,NULL,NULL,NULL,NULL,NULL,NULL,NULL,NULL,NULL,NULL,206965942,No,NULL,Yes,NULL,NULL,NULL,1,3494,141753,NULL,NULL,NULL,NULL,NULL,NULL,NULL,NULL,NULL,NULL,NULL,NULL,NULL,NULL,NULL,NULL,NULL,NULL,NULL,NULL,NULL,NULL,NULL,NULL,NULL,
74880,MERCADO S 12KV OB DISC,No,No,Yes,Yes,135,50,Closed,Closed,0,Isolator,0,1,NULL,NULL,NULL,NULL,NULL,NULL,NULL,NULL,NULL,NULL,NULL,NULL,NULL,NULL,No,NULL,Yes,NULL,NULL,NULL,1,3494,143445,NULL,NULL,NULL,NULL,NULL,NULL,NULL,NULL,NULL,NULL,NULL,NULL,NULL,NULL,NULL,NULL,NULL,NULL,NULL,NULL,NULL,NULL,NULL,NULL,NULL,
74881,ALPHA N 12KV OB DISC,No,No,Yes,Yes,999,136,Closed,Closed,0,Isolator,0,1,NULL,NULL,NULL,NULL,NULL,NULL,NULL,NULL,NULL,NULL,NULL,NULL,NULL,NULL,No,NULL,Yes,NULL,NULL,NULL,1,3494,143446,NULL,NULL,NULL,NULL,NULL,NULL,NULL,NULL,NULL,NULL,NULL,NULL,NULL,NULL,NULL,NULL,NULL,NULL,NULL,NULL,NULL,NULL,NULL,NULL,NULL,
74882,ALPHA N 12KV CB,No,No,Yes,Yes,136,137,Closed,Closed,0,Normal,0,1,NULL,NULL,NULL,NULL,NULL,NULL,NULL,NULL,NULL,NULL,NULL,NULL,NULL,205635986,No,NULL,Yes,NULL,NULL,NULL,1,3494,141761,NULL,NULL,NULL,NULL,NULL,NULL,NULL,NULL,NULL,NULL,NULL,NULL,NULL,NULL,NULL,NULL,NULL,NULL,NULL,NULL,NULL,NULL,NULL,NULL,NULL,
74883,ALPHA N 12KV LN DISC,No,No,Yes,Yes,137,60,Closed,Closed,0,Isolator,0,1,NULL,NULL,NULL,NULL,NULL,NULL,NULL,NULL,NULL,NULL,NULL,NULL,NULL,NULL,No,NULL,Yes,NULL,NULL,NULL,1,3494,143447,NULL,NULL,NULL,NULL,NULL,NULL,NULL,NULL,NULL,NULL,NULL,NULL,NULL,NULL,NULL,NULL,NULL,NULL,NULL,NULL,NULL,NULL,NULL,NULL,NULL,
74884,ALPHA S 12KV LN DISC,No,No,Yes,Yes,60,138,Closed,Closed,0,Isolator,0,1,NULL,NULL,NULL,NULL,NULL,NULL,NULL,NULL,NULL,NULL,NULL,NULL,NULL,NULL,No,NULL,Yes,NULL,NULL,NULL,1,3494,143449,NULL,NULL,NULL,NULL,NULL,NULL,NULL,NULL,NULL,NULL,NULL,NULL,NULL,NULL,NULL,NULL,NULL,NULL,NULL,NULL,NULL,NULL,NULL,NULL,NULL,
74885,ALPHA S 12KV CB,No,No,Yes,Yes,138,139,Open,Open,0,Normal,0,1,NULL,NULL,NULL,NULL,NULL,NULL,NULL,NULL,NULL,NULL,NULL,NULL,NULL,205639753,No,NULL,Yes,NULL,NULL,NULL,1,3494,141762,NULL,NULL,NULL,NULL,NULL,NULL,NULL,NULL,NULL,NULL,NULL,NULL,NULL,NULL,NULL,NULL,NULL,NULL,NULL,NULL,NULL,NULL,NULL,NULL,NULL,
74886,ALPHA S 12KV OB DISC,No,No,Yes,Yes,139,50,Closed,Closed,0,Isolator,0,1,NULL,NULL,NULL,NULL,NULL,NULL,NULL,NULL,NULL,NULL,NULL,NULL,NULL,NULL,No,NULL,Yes,NULL,NULL,NULL,1,3494,143450,NULL,NULL,NULL,NULL,NULL,NULL,NULL,NULL,NULL,NULL,NULL,NULL,NULL,NULL,NULL,NULL,NULL,NULL,NULL,NULL,NULL,NULL,NULL,NULL,NULL,
74887,BETA N 12KV OB DISC,No,No,Yes,Yes,999,140,Closed,Closed,0,Isolator,0,1,NULL,NULL,NULL,NULL,NULL,NULL,NULL,NULL,NULL,NULL,NULL,NULL,NULL,NULL,No,NULL,Yes,NULL,NULL,NULL,1,3494,143451,NULL,NULL,NULL,NULL,NULL,NULL,NULL,NULL,NULL,NULL,NULL,NULL,NULL,NULL,NULL,NULL,NULL,NULL,NULL,NULL,NULL,NULL,NULL,NULL,NULL,
74888,BETA N 12KV CB,No,No,Yes,Yes,140,141,Closed,Closed,0,Normal,0,1,NULL,NULL,NULL,NULL,NULL,NULL,NULL,NULL,NULL,NULL,NULL,NULL,NULL,206765495,No,NULL,Yes,NULL,NULL,NULL,1,3494,141770,NULL,NULL,NULL,NULL,NULL,NULL,NULL,NULL,NULL,NULL,NULL,NULL,NULL,NULL,NULL,NULL,NULL,NULL,NULL,NULL,NULL,NULL,NULL,NULL,NULL,
74889,BETA N 12KV LN DISC,No,No,Yes,Yes,141,61,Closed,Closed,0,Isolator,0,1,NULL,NULL,NULL,NULL,NULL,NULL,NULL,NULL,NULL,NULL,NULL,NULL,NULL,NULL,No,NULL,Yes,NULL,NULL,NULL,1,3494,143452,NULL,NULL,NULL,NULL,NULL,NULL,NULL,NULL,NULL,NULL,NULL,NULL,NULL,NULL,NULL,NULL,NULL,NULL,NULL,NULL,NULL,NULL,NULL,NULL,NULL,
74890,BETA S 12KV LN DISC,No,No,Yes,Yes,61,142,Closed,Closed,0,Isolator,0,1,NULL,NULL,NULL,NULL,NULL,NULL,NULL,NULL,NULL,NULL,NULL,NULL,NULL,NULL,No,NULL,Yes,NULL,NULL,NULL,1,3494,143454,NULL,NULL,NULL,NULL,NULL,NULL,NULL,NULL,NULL,NULL,NULL,NULL,NULL,NULL,NULL,NULL,NULL,NULL,NULL,NULL,NULL,NULL,NULL,NULL,NULL,
74891,BETA S 12KV CB,No,No,Yes,Yes,142,143,Open,Open,0,Normal,0,1,NULL,NULL,NULL,NULL,NULL,NULL,NULL,NULL,NULL,NULL,NULL,NULL,NULL,207084945,No,NULL,Yes,NULL,NULL,NULL,1,3494,141771,NULL,NULL,NULL,NULL,NULL,NULL,NULL,NULL,NULL,NULL,NULL,NULL,NULL,NULL,NULL,NULL,NULL,NULL,NULL,NULL,NULL,NULL,NULL,NULL,NULL,
74892,BETA S 12KV OB DISC,No,No,Yes,Yes,143,50,Closed,Closed,0,Isolator,0,1,NULL,NULL,NULL,NULL,NULL,NULL,NULL,NULL,NULL,NULL,NULL,NULL,NULL,NULL,No,NULL,Yes,NULL,NULL,NULL,1,3494,143455,NULL,NULL,NULL,NULL,NULL,NULL,NULL,NULL,NULL,NULL,NULL,NULL,NULL,NULL,NULL,NULL,NULL,NULL,NULL,NULL,NULL,NULL,NULL,NULL,NULL,
74893,NO.2 BANK N 12KV OB DISC,No,No,Yes,Yes,999,144,Closed,Closed,0,Isolator,0,1,NULL,NULL,NULL,NULL,NULL,NULL,NULL,NULL,NULL,NULL,NULL,NULL,NULL,NULL,No,NULL,Yes,NULL,NULL,NULL,1,3494,143456,NULL,NULL,NULL,NULL,NULL,NULL,NULL,NULL,NULL,NULL,NULL,NULL,NULL,NULL,NULL,NULL,NULL,NULL,NULL,NULL,NULL,NULL,NULL,NULL,NULL,
74894,NO.2 BANK N 12KV CB,No,No,Yes,Yes,144,145,Open,Open,0,Normal,0,1,NULL,NULL,NULL,NULL,NULL,NULL,NULL,NULL,NULL,NULL,NULL,NULL,NULL,205699996,No,NULL,Yes,NULL,NULL,NULL,1,3494,141660,NULL,NULL,NULL,NULL,NULL,NULL,NULL,NULL,NULL,NULL,NULL,NULL,NULL,NULL,NULL,NULL,NULL,NULL,NULL,NULL,NULL,NULL,NULL,NULL,NULL,
74895,NO.2 BANK N 12KV LN DISC,No,No,Yes,Yes,145,62,Closed,Closed,0,Isolator,0,1,NULL,NULL,NULL,NULL,NULL,NULL,NULL,NULL,NULL,NULL,NULL,NULL,NULL,NULL,No,NULL,Yes,NULL,NULL,NULL,1,3494,143457,NULL,NULL,NULL,NULL,NULL,NULL,NULL,NULL,NULL,NULL,NULL,NULL,NULL,NULL,NULL,NULL,NULL,NULL,NULL,NULL,NULL,NULL,NULL,NULL,NULL,
74896,NO.2 BANK S 12KV LN DISC,No,No,Yes,Yes,62,146,Closed,Closed,0,Isolator,0,1,NULL,NULL,NULL,NULL,NULL,NULL,NULL,NULL,NULL,NULL,NULL,NULL,NULL,NULL,No,NULL,Yes,NULL,NULL,NULL,1,3494,143458,NULL,NULL,NULL,NULL,NULL,NULL,NULL,NULL,NULL,NULL,NULL,NULL,NULL,NULL,NULL,NULL,NULL,NULL,NULL,NULL,NULL,NULL,NULL,NULL,NULL,
74897,NO.2 BANK S 12KV CB,No,No,Yes,Yes,146,147,Closed,Closed,0,Normal,0,1,NULL,NULL,NULL,NULL,NULL,NULL,NULL,NULL,NULL,NULL,NULL,NULL,NULL,205699995,No,NULL,Yes,NULL,NULL,NULL,1,3494,141661,NULL,NULL,NULL,NULL,NULL,NULL,NULL,NULL,NULL,NULL,NULL,NULL,NULL,NULL,NULL,NULL,NULL,NULL,NULL,NULL,NULL,NULL,NULL,NULL,NULL,
74898,NO.2 BANK S 12KV OB DISC,No,No,Yes,Yes,147,50,Closed,Closed,0,Isolator,0,1,NULL,NULL,NULL,NULL,NULL,NULL,NULL,NULL,NULL,NULL,NULL,NULL,NULL,NULL,No,NULL,Yes,NULL,NULL,NULL,1,3494,143459,NULL,NULL,NULL,NULL,NULL,NULL,NULL,NULL,NULL,NULL,NULL,NULL,NULL,NULL,NULL,NULL,NULL,NULL,NULL,NULL,NULL,NULL,NULL,NULL,NULL,
74899,GAMMA N 12KV OB DISC,No,No,Yes,Yes,999,148,Closed,Closed,0,Isolator,0,1,NULL,NULL,NULL,NULL,NULL,NULL,NULL,NULL,NULL,NULL,NULL,NULL,NULL,NULL,No,NULL,Yes,NULL,NULL,NULL,1,3494,143460,NULL,NULL,NULL,NULL,NULL,NULL,NULL,NULL,NULL,NULL,NULL,NULL,NULL,NULL,NULL,NULL,NULL,NULL,NULL,NULL,NULL,NULL,NULL,NULL,NULL,
74900,GAMMA N 12KV CB,No,No,Yes,Yes,148,149,Open,Open,0,Normal,0,1,NULL,NULL,NULL,NULL,NULL,NULL,NULL,NULL,NULL,NULL,NULL,NULL,NULL,206947097,No,NULL,Yes,NULL,NULL,NULL,1,3494,141779,NULL,NULL,NULL,NULL,NULL,NULL,NULL,NULL,NULL,NULL,NULL,NULL,NULL,NULL,NULL,NULL,NULL,NULL,NULL,NULL,NULL,NULL,NULL,NULL,NULL,
74901,GAMMA N 12KV LN DISC,No,No,Yes,Yes,149,63,Closed,Closed,0,Isolator,0,1,NULL,NULL,NULL,NULL,NULL,NULL,NULL,NULL,NULL,NULL,NULL,NULL,NULL,NULL,No,NULL,Yes,NULL,NULL,NULL,1,3494,143461,NULL,NULL,NULL,NULL,NULL,NULL,NULL,NULL,NULL,NULL,NULL,NULL,NULL,NULL,NULL,NULL,NULL,NULL,NULL,NULL,NULL,NULL,NULL,NULL,NULL,
74902,GAMMA S 12KV LN DISC,No,No,Yes,Yes,63,150,Closed,Closed,0,Isolator,0,1,NULL,NULL,NULL,NULL,NULL,NULL,NULL,NULL,NULL,NULL,NULL,NULL,NULL,NULL,No,NULL,Yes,NULL,NULL,NULL,1,3494,143463,NULL,NULL,NULL,NULL,NULL,NULL,NULL,NULL,NULL,NULL,NULL,NULL,NULL,NULL,NULL,NULL,NULL,NULL,NULL,NULL,NULL,NULL,NULL,NULL,NULL,
74903,GAMMA S 12KV CB,No,No,Yes,Yes,150,151,Closed,Closed,0,Normal,0,1,NULL,NULL,NULL,NULL,NULL,NULL,NULL,NULL,NULL,NULL,NULL,NULL,NULL,206947119,No,NULL,Yes,NULL,NULL,NULL,1,3494,141780,NULL,NULL,NULL,NULL,NULL,NULL,NULL,NULL,NULL,NULL,NULL,NULL,NULL,NULL,NULL,NULL,NULL,NULL,NULL,NULL,NULL,NULL,NULL,NULL,NULL,
74904,GAMMA S 12KV OB DISC,No,No,Yes,Yes,151,50,Closed,Closed,0,Isolator,0,1,NULL,NULL,NULL,NULL,NULL,NULL,NULL,NULL,NULL,NULL,NULL,NULL,NULL,NULL,No,NULL,Yes,NULL,NULL,NULL,1,3494,143464,NULL,NULL,NULL,NULL,NULL,NULL,NULL,NULL,NULL,NULL,NULL,NULL,NULL,NULL,NULL,NULL,NULL,NULL,NULL,NULL,NULL,NULL,NULL,NULL,NULL,
74905,SOCRATES N 12KV OB DISC,No,No,Yes,Yes,999,152,Closed,Closed,0,Isolator,0,1,NULL,NULL,NULL,NULL,NULL,NULL,NULL,NULL,NULL,NULL,NULL,NULL,NULL,NULL,No,NULL,Yes,NULL,NULL,NULL,1,3494,143465,NULL,NULL,NULL,NULL,NULL,NULL,NULL,NULL,NULL,NULL,NULL,NULL,NULL,NULL,NULL,NULL,NULL,NULL,NULL,NULL,NULL,NULL,NULL,NULL,NULL,
74906,SOCRATES N 12KV CB,No,No,Yes,Yes,152,153,Closed,Closed,0,Normal,0,1,NULL,NULL,NULL,NULL,NULL,NULL,NULL,NULL,NULL,NULL,NULL,NULL,NULL,200005219,No,NULL,Yes,NULL,NULL,NULL,1,3494,141788,NULL,NULL,NULL,NULL,NULL,NULL,NULL,NULL,NULL,NULL,NULL,NULL,NULL,NULL,NULL,NULL,NULL,NULL,NULL,NULL,NULL,NULL,NULL,NULL,NULL,
74907,SOCRATES N 12KV LN DISC,No,No,Yes,Yes,153,64,Closed,Closed,0,Isolator,0,1,NULL,NULL,NULL,NULL,NULL,NULL,NULL,NULL,NULL,NULL,NULL,NULL,NULL,NULL,No,NULL,Yes,NULL,NULL,NULL,1,3494,143466,NULL,NULL,NULL,NULL,NULL,NULL,NULL,NULL,NULL,NULL,NULL,NULL,NULL,NULL,NULL,NULL,NULL,NULL,NULL,NULL,NULL,NULL,NULL,NULL,NULL,
74908,SOCRATES S 12KV LN DISC,No,No,Yes,Yes,64,154,Closed,Closed,0,Isolator,0,1,NULL,NULL,NULL,NULL,NULL,NULL,NULL,NULL,NULL,NULL,NULL,NULL,NULL,NULL,No,NULL,Yes,NULL,NULL,NULL,1,3494,143468,NULL,NULL,NULL,NULL,NULL,NULL,NULL,NULL,NULL,NULL,NULL,NULL,NULL,NULL,NULL,NULL,NULL,NULL,NULL,NULL,NULL,NULL,NULL,NULL,NULL,
74909,SOCRATES S 12KV CB,No,No,Yes,Yes,154,155,Open,Open,0,Normal,0,1,NULL,NULL,NULL,NULL,NULL,NULL,NULL,NULL,NULL,NULL,NULL,NULL,NULL,200005220,No,NULL,Yes,NULL,NULL,NULL,1,3494,141789,NULL,NULL,NULL,NULL,NULL,NULL,NULL,NULL,NULL,NULL,NULL,NULL,NULL,NULL,NULL,NULL,NULL,NULL,NULL,NULL,NULL,NULL,NULL,NULL,NULL,
74910,SOCRATES S 12KV OB DISC,No,No,Yes,Yes,155,50,Closed,Closed,0,Isolator,0,1,NULL,NULL,NULL,NULL,NULL,NULL,NULL,NULL,NULL,NULL,NULL,NULL,NULL,NULL,No,NULL,Yes,NULL,NULL,NULL,1,3494,143469,NULL,NULL,NULL,NULL,NULL,NULL,NULL,NULL,NULL,NULL,NULL,NULL,NULL,NULL,NULL,NULL,NULL,NULL,NULL,NULL,NULL,NULL,NULL,NULL,NULL,
74911,PETE N 12KV OB DISC,No,No,Yes,Yes,999,156,Closed,Closed,0,Isolator,0,1,NULL,NULL,NULL,NULL,NULL,NULL,NULL,NULL,NULL,NULL,NULL,NULL,NULL,NULL,No,NULL,Yes,NULL,NULL,NULL,1,3494,87572,NULL,NULL,NULL,NULL,NULL,NULL,NULL,NULL,NULL,NULL,NULL,NULL,NULL,NULL,NULL,NULL,NULL,NULL,NULL,NULL,NULL,NULL,NULL,NULL,NULL,
74912,PETE N 12KV CB,No,No,Yes,Yes,156,157,Open,Open,0,Normal,0,1,NULL,NULL,NULL,NULL,NULL,NULL,NULL,NULL,NULL,NULL,NULL,NULL,NULL,200011148,No,NULL,Yes,NULL,NULL,NULL,1,3494,87279,NULL,NULL,NULL,NULL,NULL,NULL,NULL,NULL,NULL,NULL,NULL,NULL,NULL,NULL,NULL,NULL,NULL,NULL,NULL,NULL,NULL,NULL,NULL,NULL,NULL,
74913,PETE N 12KV LN DISC,No,No,Yes,Yes,157,65,Closed,Closed,0,Isolator,0,1,NULL,NULL,NULL,NULL,NULL,NULL,NULL,NULL,NULL,NULL,NULL,NULL,NULL,NULL,No,NULL,Yes,NULL,NULL,NULL,1,3494,87573,NULL,NULL,NULL,NULL,NULL,NULL,NULL,NULL,NULL,NULL,NULL,NULL,NULL,NULL,NULL,NULL,NULL,NULL,NULL,NULL,NULL,NULL,NULL,NULL,NULL,
74914,PETE S 12KV LN DISC,No,No,Yes,Yes,65,158,Closed,Closed,0,Isolator,0,1,NULL,NULL,NULL,NULL,NULL,NULL,NULL,NULL,NULL,NULL,NULL,NULL,NULL,NULL,No,NULL,Yes,NULL,NULL,NULL,1,3494,87574,NULL,NULL,NULL,NULL,NULL,NULL,NULL,NULL,NULL,NULL,NULL,NULL,NULL,NULL,NULL,NULL,NULL,NULL,NULL,NULL,NULL,NULL,NULL,NULL,NULL,
74915,PETE S 12KV CB,No,No,Yes,Yes,158,159,Closed,Closed,0,Normal,0,1,NULL,NULL,NULL,NULL,NULL,NULL,NULL,NULL,NULL,NULL,NULL,NULL,NULL,200011147,No,NULL,Yes,NULL,NULL,NULL,1,3494,87280,NULL,NULL,NULL,NULL,NULL,NULL,NULL,NULL,NULL,NULL,NULL,NULL,NULL,NULL,NULL,NULL,NULL,NULL,NULL,NULL,NULL,NULL,NULL,NULL,NULL,
74916,PETE S 12KV OB DISC,No,No,Yes,Yes,159,50,Closed,Closed,0,Isolator,0,1,NULL,NULL,NULL,NULL,NULL,NULL,NULL,NULL,NULL,NULL,NULL,NULL,NULL,NULL,No,NULL,Yes,NULL,NULL,NULL,1,3494,87575,NULL,NULL,NULL,NULL,NULL,NULL,NULL,NULL,NULL,NULL,NULL,NULL,NULL,NULL,NULL,NULL,NULL,NULL,NULL,NULL,NULL,NULL,NULL,NULL,NULL,
75342,BK 1W DSC,No,Yes,Yes,Yes,701,703,Closed,Closed,0,Isolator,0,1,NULL,NULL,NULL,NULL,NULL,NULL,NULL,NULL,NULL,NULL,NULL,NULL,NULL,NULL,No,NULL,Yes,NULL,NULL,NULL,1,3492,204730,NULL,NULL,NULL,NULL,NULL,NULL,NULL,NULL,NULL,NULL,NULL,NULL,NULL,NULL,NULL,NULL,NULL,NULL,NULL,NULL,NULL,NULL,NULL,NULL,NULL,
75343,BK 1E DSC,No,Yes,Yes,Yes,702,703,Closed,Closed,0,Isolator,0,1,NULL,NULL,NULL,NULL,NULL,NULL,NULL,NULL,NULL,NULL,NULL,NULL,NULL,NULL,No,NULL,Yes,NULL,NULL,NULL,1,3492,204713,NULL,NULL,NULL,NULL,NULL,NULL,NULL,NULL,NULL,NULL,NULL,NULL,NULL,NULL,NULL,NULL,NULL,NULL,NULL,NULL,NULL,NULL,NULL,NULL,NULL,
75346,BK 2E DSC,No,Yes,Yes,Yes,705,57,Closed,Closed,0,Isolator,0,1,NULL,NULL,NULL,NULL,NULL,NULL,NULL,NULL,NULL,NULL,NULL,NULL,NULL,NULL,No,NULL,Yes,NULL,NULL,NULL,1,3492,180501,NULL,NULL,NULL,NULL,NULL,NULL,NULL,NULL,NULL,NULL,NULL,NULL,NULL,NULL,NULL,NULL,NULL,NULL,NULL,NULL,NULL,NULL,NULL,NULL,NULL,
75349,BK 1N DSC,No,Yes,Yes,Yes,701,703,Closed,Closed,0,Isolator,0,1,NULL,NULL,NULL,NULL,NULL,NULL,NULL,NULL,NULL,NULL,NULL,NULL,NULL,NULL,No,NULL,Yes,NULL,NULL,NULL,1,3494,143400,NULL,NULL,NULL,NULL,NULL,NULL,NULL,NULL,NULL,NULL,NULL,NULL,NULL,NULL,NULL,NULL,NULL,NULL,NULL,NULL,NULL,NULL,NULL,NULL,NULL,
75350,BK 1S DSC,No,Yes,Yes,Yes,702,703,Closed,Closed,0,Isolator,0,1,NULL,NULL,NULL,NULL,NULL,NULL,NULL,NULL,NULL,NULL,NULL,NULL,NULL,NULL,No,NULL,Yes,NULL,NULL,NULL,1,3494,143401,NULL,NULL,NULL,NULL,NULL,NULL,NULL,NULL,NULL,NULL,NULL,NULL,NULL,NULL,NULL,NULL,NULL,NULL,NULL,NULL,NULL,NULL,NULL,NULL,NULL,
75353,BK 2E DSC,No,Yes,Yes,Yes,704,706,Closed,Closed,0,Isolator,0,1,NULL,NULL,NULL,NULL,NULL,NULL,NULL,NULL,NULL,NULL,NULL,NULL,NULL,NULL,No,NULL,Yes,NULL,NULL,NULL,1,3494,143402,NULL,NULL,NULL,NULL,NULL,NULL,NULL,NULL,NULL,NULL,NULL,NULL,NULL,NULL,NULL,NULL,NULL,NULL,NULL,NULL,NULL,NULL,NULL,NULL,NULL,
75354,BK 2W DSC,No,Yes,Yes,Yes,705,706,Closed,Closed,0,Isolator,0,1,NULL,NULL,NULL,NULL,NULL,NULL,NULL,NULL,NULL,NULL,NULL,NULL,NULL,NULL,No,NULL,Yes,NULL,NULL,NULL,1,3494,143403,NULL,NULL,NULL,NULL,NULL,NULL,NULL,NULL,NULL,NULL,NULL,NULL,NULL,NULL,NULL,NULL,NULL,NULL,NULL,NULL,NULL,NULL,NULL,NULL,NULL,
75380,CAPACITOR 1 DSC,No,No,Yes,Yes,999,600,Closed,Closed,0,Isolator,0,1,NULL,NULL,NULL,NULL,NULL,NULL,NULL,NULL,NULL,NULL,NULL,NULL,NULL,NULL,No,NULL,Yes,NULL,NULL,NULL,1,3494,143470,NULL,NULL,NULL,NULL,NULL,NULL,NULL,NULL,NULL,NULL,NULL,NULL,NULL,NULL,NULL,NULL,NULL,NULL,NULL,NULL,NULL,NULL,NULL,NULL,NULL,
75382,CAPACITOR 3 DSC,No,No,Yes,Yes,999,601,Closed,Closed,0,Isolator,0,1,NULL,NULL,NULL,NULL,NULL,NULL,NULL,NULL,NULL,NULL,NULL,NULL,NULL,NULL,No,NULL,Yes,NULL,NULL,NULL,1,3494,649,NULL,NULL,NULL,NULL,NULL,NULL,NULL,NULL,NULL,NULL,NULL,NULL,NULL,NULL,NULL,NULL,NULL,NULL,NULL,NULL,NULL,NULL,NULL,NULL,NULL,
75383,CAPACITOR 2 DSC,No,No,Yes,Yes,50,603,Closed,Closed,0,Isolator,0,1,NULL,NULL,NULL,NULL,NULL,NULL,NULL,NULL,NULL,NULL,NULL,NULL,NULL,NULL,No,NULL,Yes,NULL,NULL,NULL,1,3494,143472,NULL,NULL,NULL,NULL,NULL,NULL,NULL,NULL,NULL,NULL,NULL,NULL,NULL,NULL,NULL,NULL,NULL,NULL,NULL,NULL,NULL,NULL,NULL,NULL,NULL,
75384,CAPACITOR 4 DSC,No,No,Yes,Yes,50,602,Closed,Closed,0,Isolator,0,1,NULL,NULL,NULL,NULL,NULL,NULL,NULL,NULL,NULL,NULL,NULL,NULL,NULL,NULL,No,NULL,Yes,NULL,NULL,NULL,1,3494,648,NULL,NULL,NULL,NULL,NULL,NULL,NULL,NULL,NULL,NULL,NULL,NULL,NULL,NULL,NULL,NULL,NULL,NULL,NULL,NULL,NULL,NULL,NULL,NULL,NULL,
75388,CAPACITOR 1 DSC,No,No,Yes,Yes,999,600,Closed,Closed,0,Isolator,0,1,NULL,NULL,NULL,NULL,NULL,NULL,NULL,NULL,NULL,NULL,NULL,NULL,NULL,NULL,No,NULL,Yes,NULL,NULL,NULL,1,3492,180474,NULL,NULL,NULL,NULL,NULL,NULL,NULL,NULL,NULL,NULL,NULL,NULL,NULL,NULL,NULL,NULL,NULL,NULL,NULL,NULL,NULL,NULL,NULL,NULL,NULL,
75389,CAPACITOR 2 DSC,No,No,Yes,Yes,500,601,Closed,Closed,0,Isolator,0,1,NULL,NULL,NULL,NULL,NULL,NULL,NULL,NULL,NULL,NULL,NULL,NULL,NULL,NULL,No,NULL,Yes,NULL,NULL,NULL,1,3492,2795,NULL,NULL,NULL,NULL,NULL,NULL,NULL,NULL,NULL,NULL,NULL,NULL,NULL,NULL,NULL,NULL,NULL,NULL,NULL,NULL,NULL,NULL,NULL,NULL,NULL,
75390,NO.2 12KV CAPACITOR SW,No,No,Yes,No,602,604,Closed,Closed,0,Normal,0,1,NULL,NULL,NULL,NULL,NULL,NULL,NULL,NULL,NULL,NULL,NULL,NULL,NULL,205569722,No,NULL,Yes,NULL,NULL,NULL,1,3492,NULL,NULL,NULL,NULL,NULL,NULL,NULL,NULL,NULL,NULL,NULL,NULL,NULL,NULL,NULL,NULL,NULL,NULL,NULL,NULL,NULL,NULL,NULL,NULL,NULL,NULL,
75412,NO.2 CAPACITOR DSC,No,No,Yes,Yes,999,620,Closed,Closed,0,Isolator,0,1,NULL,NULL,NULL,NULL,NULL,NULL,NULL,NULL,NULL,NULL,NULL,NULL,NULL,NULL,No,NULL,Yes,NULL,NULL,NULL,1,3464,294,NULL,NULL,NULL,NULL,NULL,NULL,NULL,NULL,NULL,NULL,NULL,NULL,NULL,NULL,NULL,NULL,NULL,NULL,NULL,NULL,NULL,NULL,NULL,NULL,NULL,
75413,NO.2 CAPACITOR FUSE,No,No,Yes,Yes,620,621,Closed,Closed,0,Isolator,0,1,NULL,NULL,NULL,NULL,NULL,NULL,NULL,NULL,NULL,NULL,NULL,NULL,NULL,NULL,No,NULL,Yes,NULL,NULL,NULL,1,3464,295,NULL,NULL,NULL,NULL,NULL,NULL,NULL,NULL,NULL,NULL,NULL,NULL,NULL,NULL,NULL,NULL,NULL,NULL,NULL,NULL,NULL,NULL,NULL,NULL,NULL,
